"TOA5","Fluxtower CR3000","CR3000","3500","CR3000.Std.11","CPU:OzFlux_QUT_2010_11_09.CR3","12231","slow_core"
"TIMESTAMP","RECORD","Fsd_CNR1_Avg","Fsu_CNR1_Avg","Fld_CNR1_Avg","Flu_CNR1_Avg","Fn_NRL_Avg","Fg_CN3_01_Avg","Fh_Avg","Fe_raw_Avg","Fc_raw_Avg","Fm_Avg","Cc_7500_Avg","Ah_7500_Avg","ps_7500_Avg","Ux_CSAT_Avg","Uy_CSAT_Avg","Uz_CSAT_Avg","Tv_CSAT_Avg","Ta_HMP_01_Avg","RH_HMP_01_Avg","Ts_TCAV_01_Avg","Sws_616_01_raw_Avg","Rain_Tot"
"TS","RN","W/m^2","W/m^2","W/m^2","W/m^2","W/m^2","W/m^2","W/m^2","W/m^2","mg/m^2/s","kg/m/s^2","mg/m^3","g/m^3","kPa","m/s","m/s","m/s","C","C","fraction","C","ms","mm"
"","","Avg","Avg","Avg","Avg","Avg","Avg","Avg","Avg","Avg","Avg","Avg","Avg","Avg","Avg","Avg","Avg","Avg","Avg","Avg","Avg","Avg","Tot"
"2013-01-16 10:30:00",28216,453.515,84.41713,426.7534,503.7,254.8823,5.061915,145.7862,52.39571,-0.3487112,0.04023828,668.1248,14.66239,100.6971,0.5560693,0.1523201,0.07588502,28.06588,27.19644,0.4877245,25.32042,19.05239,0
"2013-01-16 11:00:00",28217,562.7288,103.4758,422.5495,517.6192,324.5615,6.670127,179.4612,61.02545,-0.4633066,0.04642867,665.431,14.37154,100.6641,0.1683022,1.341784,0.05580014,28.36509,27.39338,0.4690648,25.54248,19.05913,0
"2013-01-16 11:30:00",28218,586.5062,105.1408,426.5587,525.8362,340.7907,8.265224,174.0599,52.58511,-0.3829069,0.02801027,662.9331,14.18047,100.6365,0.1631781,0.5136383,0.06707979,29.0102,28.1535,0.4389387,25.77505,19.06599,0
"2013-01-16 12:00:00",28219,586.5887,103.047,421.6513,525.4006,330.0013,10.28391,187.8371,62.87016,-0.4138215,0.03742973,661.9851,14.29618,100.604,0.6270102,-0.4591013,0.05385897,29.34008,28.46292,0.4340214,26.21626,19.07303,0
"2013-01-16 12:30:00",28220,713.1125,123.0644,418.3497,538.2707,411.0151,12.29883,198.1661,45.61313,-0.4383168,0.1018878,660.3234,14.71333,100.5744,0.8672513,-0.04928354,0.09731024,29.75413,28.8026,0.439633,26.62786,19.08155,0
"2013-01-16 13:00:00",28221,739.8857,122.714,410.7563,540.1112,427.8866,14.3989,279.6776,58.60229,-0.5887587,0.05704247,660.3638,14.91415,100.5492,0.7308206,0.6451793,0.08691365,29.85617,28.75181,0.4475383,27.03596,19.08807,0
"2013-01-16 13:30:00",28222,799.555,132.4359,410.5932,546.6428,461.1449,16.77066,232.5034,40.24183,-0.4519125,0.08125849,658.0198,15.10478,100.5217,1.062902,0.3918618,0.1023223,30.60635,29.40211,0.4367849,27.4346,19.09636,0
"2013-01-16 14:00:00",28223,882.6446,145.5605,402.6394,549.2746,500.8857,19.41365,312.4666,74.58975,-0.6782139,0.1172206,658.0597,15.06562,100.4979,1.649999,1.414583,0.1077873,30.53565,29.44926,0.4326285,27.95331,19.10928,0
"2013-01-16 14:30:00",28224,812.6121,133.3506,398.6534,538.3249,447.6778,22.06137,306.4924,55.82229,-0.6118505,0.1459714,657.9048,15.00182,100.4709,2.109063,1.53926,0.1350573,30.4802,29.26433,0.4357164,28.50646,19.11195,0
"2013-01-16 15:00:00",28225,862.5569,143.9558,397.5353,542.3709,482.5179,23.42207,285.6068,48.89069,-0.5858846,0.09686287,657.9052,15.03052,100.4618,2.134454,1.434987,0.1201266,30.40473,29.19869,0.4386752,28.72669,19.1216,0
"2013-01-16 15:30:00",28226,775.3381,130.3941,396.1494,533.8637,422.7046,24.50837,297.7147,35.91275,-0.609211,0.1048535,658.4913,15.03352,100.4496,2.091927,1.31624,0.1065454,30.09177,28.90429,0.4464551,28.9471,19.12525,0
"2013-01-16 16:00:00",28227,650.7387,110.7319,393.1776,521.0896,347.4317,25.01859,219.4416,28.10981,-0.4633009,0.05389924,658.4431,15.13219,100.4372,1.669141,1.369777,0.09965068,29.92801,28.69016,0.45581,29.13512,19.12985,0
"2013-01-16 16:30:00",28228,526.222,91.75912,389.7706,503.9682,261.7605,24.53589,236.612,20.67077,-0.464335,0.05254207,659.1467,15.27924,100.426,1.99556,1.61481,0.1096194,29.52769,28.30952,0.472593,29.23096,19.134,0
"2013-01-16 17:00:00",28229,402.1592,71.26385,386.3286,489.751,194.1536,22.78026,172.256,15.8804,-0.3488691,0.1096639,660.0671,15.40941,100.4362,1.70207,0.5246875,0.07211403,29.01819,27.79935,0.493014,29.17074,19.13618,0
"2013-01-16 17:30:00",28230,279.7186,50.74355,382.7498,473.1654,100.3522,20.31217,108.5221,13.51434,-0.2382156,0.09234196,661.3237,15.46859,100.4458,1.531229,0.8983284,0.1270377,28.39856,27.1545,0.5149666,29.05033,19.13633,0
"2013-01-16 18:00:00",28231,161.2154,33.36777,378.8285,456.783,42.87663,17.30766,80.09871,12.80428,-0.1609713,0.04930632,663.2091,15.34208,100.4761,1.467532,0.9669229,0.1246971,27.65806,26.3983,0.5337473,28.8597,19.13494,0
"2013-01-16 18:30:00",28232,56.87379,16.02298,376.1068,443.5541,-11.75569,13.96412,25.80684,13.70339,-0.01328455,0.04169065,665.154,15.25946,100.5273,1.394346,0.2144093,0.04133542,27.00107,25.69191,0.5546721,28.6313,19.13124,0
"2013-01-16 19:00:00",28233,5.94505,2.171316,373.1011,431.9555,-40.94698,10.61659,-14.16388,8.850977,0.08238156,0.08935002,667.7772,15.17035,100.5635,1.122797,0.772733,0.06270057,26.22562,24.84212,0.5812811,28.44629,19.12619,0
"2013-01-16 19:30:00",28234,-2.429812,1.186472,369.2209,419.7166,-44.19916,7.371123,-21.01322,6.368237,0.1039943,0.07506737,674.3951,15.21917,100.577,0.3721311,0.6902345,0.04891415,25.25197,23.91831,0.616414,28.08264,19.12047,0
"2013-01-16 20:00:00",28235,-2.244964,1.115542,366.7265,408.8187,-39.9019,4.395497,-1.087994,-2.055342,-0.03568415,0.009694563,687.6089,15.23113,100.6062,0.08910237,-0.03711404,0.03246158,24.15897,22.85157,0.6619217,27.70235,19.11365,0
"2013-01-16 20:30:00",28236,-1.904931,1.080313,364.8716,402.4502,-34.55823,1.697933,9.103359,0.1946519,-0.1007451,0.00790678,701.5956,15.11877,100.6231,-0.2254299,-0.1974859,0.001137111,22.8913,21.55562,0.7099103,27.29983,19.10694,0
"2013-01-16 21:00:00",28237,-1.384509,1.527149,363.1182,398.9123,-33.95336,-0.7438247,-0.03535894,-0.1781232,0.003149166,0.0009989612,723.2828,14.90348,100.6439,-0.2456983,-0.151567,-0.008739153,21.96956,20.53818,0.7538379,26.89104,19.09997,0
"2013-01-16 21:30:00",28238,-1.210751,1.630941,361.0005,396.2559,-33.41488,-2.739263,4.32624,1.266629,-0.09287724,0.004341738,772.5966,14.84632,100.6674,-0.3964392,-0.1065884,-0.01004757,21.17701,19.79385,0.7902583,26.50883,19.09315,0
"2013-01-16 22:00:00",28239,-1.042441,1.746578,359.3271,393.8516,-32.62123,-4.268292,-0.8172527,-0.05712967,0.05271594,0.002010846,785.1015,14.68093,100.6683,-0.4524398,-0.09814455,-0.008149667,20.50257,19.18047,0.818468,26.16253,19.08686,0
"2013-01-16 22:30:00",28240,-0.9507747,1.76982,359.1098,392.3942,-31.71276,-5.59856,-1.312269,-0.5020105,0.04922763,0.001932099,789.2769,14.47558,100.6488,-0.4725939,-0.2324614,-0.003045486,20.00726,18.64347,0.8482029,25.83773,19.08008,0
"2013-01-16 23:00:00",28241,-0.8015417,1.685902,361.6349,391.2377,-29.27907,-6.686577,0.8792788,-0.2492144,0.03909013,0.002817576,802.6901,14.26198,100.6405,-0.5012307,-0.2755438,-0.0004153889,19.64391,18.2461,0.8645288,25.53942,19.07356,0
"2013-01-16 23:30:00",28242,-0.737163,1.63586,364.0905,390.9222,-29.44893,-7.582288,-0.2271477,-0.6613241,-0.0006963254,0.0007909405,802.5037,14.14228,100.6003,-0.2439116,-0.01259106,-0.00683982,19.33866,17.96424,0.8725393,25.26652,19.06757,0
"2013-01-17 00:00:00",28243,-0.7351162,1.422681,363.7189,388.3034,-31.05815,-8.266269,-0.6401013,-1.101912,0.07450412,0.002476663,805.3595,13.78126,100.5618,-0.2886303,-0.1058791,-0.007906597,18.87764,17.59271,0.8827929,25.06823,19.0612,0
"2013-01-17 00:30:00",28244,-0.9009934,1.358315,366.9962,387.0055,-29.96029,-8.931654,-0.6744855,0.211663,0.03247728,0.002555756,818.8874,13.40707,100.5378,-0.065402,-0.03349971,-0.005351972,18.4573,17.13383,0.8914991,24.84326,19.05585,0
"2013-01-17 01:00:00",28245,-0.6450359,1.638413,369.2541,386.6742,-29.73109,-9.568482,-0.7755368,0.1716319,0.0001522452,0.001913827,819.3655,12.83091,100.509,-0.1844503,-0.05822875,-0.00228982,18.13959,16.86509,0.8992288,24.62938,19.05066,0
"2013-01-17 01:30:00",28246,-0.6577901,1.422063,370.7417,387.2727,-30.38898,-10.16679,-0.8142243,-2.691345,0.02938294,0.001454885,836.1474,12.53414,100.4646,-0.3430881,-0.2480474,-0.005033833,17.91727,16.58088,0.9057817,24.41185,19.04534,0
"2013-01-17 02:00:00",28247,-0.8694009,1.287835,371.4044,386.2068,-30.23171,-10.65863,1.009119,1.663457,-0.04679577,0.001898813,857.7107,12.3597,100.4459,-0.1069318,-0.01966,0.0005386528,17.61617,16.38777,0.9105551,24.21662,19.04025,0
"2013-01-17 02:30:00",28248,-0.7014807,1.469173,371.7574,385.4916,-30.34427,-11.04848,-2.203488,-3.130841,-0.006800263,0.002088254,866.6953,11.78257,100.4127,-0.2378806,-0.1154616,-0.001184042,17.41333,16.156,0.9144508,24.03888,19.03588,0
"2013-01-17 03:00:00",28249,-0.8345988,1.248716,372.5469,385.0532,-29.65106,-11.43391,0.2498396,1.197019,-0.08135121,0.001005907,849.813,11.54252,100.4081,-0.1036937,0.1025907,0.0037285,17.10072,15.92684,0.9183787,23.86459,19.03208,0
"2013-01-17 03:30:00",28250,-0.7588428,1.333144,372.9402,384.8496,-30.22999,-11.76056,-0.3494392,2.247741,-0.08431056,0.006962389,864.9678,10.5948,100.4227,-0.2901802,-0.08605807,-0.001699847,17.00878,15.74569,0.9221199,23.69634,19.0276,0
"2013-01-17 04:00:00",28251,-0.947459,1.06464,372.8571,384.4221,-29.93182,-12.05317,-0.5771819,-0.4198435,-0.2736427,0.006648702,860.1507,10.45894,100.4363,-0.1699943,0.002112125,0.007315319,16.78108,15.57095,0.9243757,23.53643,19.02345,0
"2013-01-17 04:30:00",28252,-0.6038851,1.451461,372.6411,383.1234,-28.10602,-12.26364,0.3864598,0.003853367,-0.00761495,0.0004012026,858.774,10.38134,100.4726,-0.06964391,0.1241719,0.006285722,16.67954,15.44884,0.927083,23.40144,19.01904,0
"2013-01-17 05:00:00",28253,-0.7893451,1.238743,372.478,383.3976,-30.69616,-12.49034,-0.883544,-2.124511,0.02252953,0.01488764,867.3505,10.12461,100.5079,-0.06567346,-0.08362681,0.01015657,16.56722,15.34285,0.9286055,23.25541,19.01516,0
"2013-01-17 05:30:00",28254,6.705115,2.88383,370.7447,381.9365,-29.09555,-12.6289,0.8449704,3.883819,0.1154376,0.002530893,833.8108,8.765362,100.5256,-0.270191,-0.06416192,-0.007232598,16.35518,15.19811,0.9299274,23.13661,19.012,0
"2013-01-17 06:00:00",28255,29.68755,7.843748,371.663,384.1293,-19.11241,-12.86673,0.4261011,-6.118031,-0.1753314,0.002392089,844.0423,8.205031,100.541,-0.06240774,-0.02593706,-0.004276569,16.40104,15.20088,0.9315438,22.97394,19.00887,0
"2013-01-17 06:30:00",28256,69.66518,18.99927,378.4222,393.7084,4.66232,-12.88579,0.1422848,8.788531,0.1072247,0.002868127,832.9315,9.63058,100.5626,0.07959463,-0.1475617,3.336111E-005,17.59271,16.12118,0.9331819,22.72094,19.00529,0
"2013-01-17 07:00:00",28257,220.7168,43.72026,389.1767,410.4229,84.60316,-12.27024,3.343606,2.319828,-0.0233957,0.001023163,747.2283,13.52276,100.5697,0.05481201,-0.4629853,-0.0002665556,20.57087,18.45705,0.9255815,22.49043,19.00247,0
"2013-01-17 07:30:00",28258,387.1859,84.66656,386.3662,446.4303,156.2739,-10.89042,-10.68325,-17.71244,0.357686,0.00121391,685.6489,15.26418,100.5638,0.152152,-0.3748441,0.01327838,23.35068,22.59496,0.7713001,22.20998,19.00122,0
"2013-01-17 08:00:00",28259,310.5058,62.63102,374.6275,464.3202,128.7036,-8.348658,78.71202,70.28146,-0.3154002,0.005066195,667.079,15.21208,100.5533,0.2582674,0.1573641,0.07804803,25.18054,24.68137,0.6324453,22.51242,19.00213,0
"2013-01-17 08:30:00",28260,381.2259,73.50211,393.2817,477.1816,185.7864,-5.511347,96.48395,42.75739,-0.1581593,0.04476376,664.9433,15.2136,100.549,0.6477617,0.485108,0.0725138,25.78192,24.67986,0.6219698,23.16149,19.00582,0
"2013-01-17 09:00:00",28261,443.5534,86.39168,400.8145,488.2362,230.1093,-2.928809,107.4529,40.47268,-0.2746161,0.01576522,662.2748,15.28319,100.5359,0.3951441,1.325182,0.06470133,26.51152,25.30239,0.594772,23.51134,19.01064,0
"2013-01-17 09:30:00",28262,592.4084,116.2537,394.1624,504.4595,305.9666,-0.3199937,130.113,25.24374,-0.2555605,0.01963427,663.1863,15.24231,100.5385,0.974014,1.532131,0.07091582,27.12669,26.04169,0.5582492,23.83879,19.01693,0
"2013-01-17 10:00:00",28263,667.5622,127.3716,393.3274,523.5675,355.2366,2.242188,196.6054,46.18609,-0.3990315,0.04592473,663.537,15.20565,100.516,0.6653873,0.5052543,0.07231058,27.78557,26.93621,0.5177951,24.13954,19.02345,0
"2013-01-17 10:30:00",28264,972.9378,183.9393,395.1805,555.1893,547.2677,5.543501,221.4975,49.27628,-0.4938562,0.01995066,665.3717,15.10608,100.4914,0.8897665,0.3854355,0.06629547,28.66363,27.95687,0.4807988,24.66677,19.03121,0
"2013-01-17 11:00:00",28265,1041.257,187.3589,399.4691,566.8267,611.0756,10.12546,310.7454,63.94873,-0.6480045,0.05579132,663.749,15.10901,100.4598,0.8909237,0.2577839,0.04224148,29.55711,28.73409,0.4555394,25.50331,19.04406,0
"2013-01-17 11:30:00",28266,1073.845,182.7803,400.1676,572.1726,625.5068,15.1532,323.346,68.63348,-0.6887632,0.1128127,659.6434,14.94991,100.427,1.360051,0.3803879,0.05903541,30.21352,29.20162,0.435207,26.37508,19.05883,0
"2013-01-17 12:00:00",28267,1087.976,183.3748,399.5195,568.9869,621.478,19.85098,371.6192,66.64545,-0.8527088,0.1168092,657.8798,14.70804,100.395,1.809452,2.25025,0.1407408,30.36673,29.20911,0.4255198,27.18633,19.07224,0
"2013-01-17 12:30:00",28268,1093.812,181.6634,401.3347,576.0244,630.2677,23.51055,366.2908,61.38371,-0.6949834,0.06286161,656.0106,14.61339,100.3544,1.50316,1.306958,0.1066786,30.81987,29.81994,0.4050396,27.76919,19.08652,0
"2013-01-17 13:00:00",28269,1078.105,174.6462,401.9033,576.2902,632.7557,26.70983,415.3451,82.01744,-0.8296001,0.1353157,654.9327,14.69384,100.3341,1.514712,0.6641207,0.08074564,31.09672,30.01675,0.4026784,28.44687,19.10024,0
"2013-01-17 13:30:00",28270,1033.833,165.6643,401.8717,570.9429,603.0642,29.38341,397.6083,68.73322,-0.7881556,0.03653025,654.17,14.90346,100.3051,1.553666,1.624444,0.08809817,31.17122,30.05295,0.4080614,29.05173,19.11248,0
"2013-01-17 14:00:00",28271,992.6736,160.8019,399.5739,567.171,568.1998,31.3674,376.2998,56.65909,-0.736913,0.05589896,654.0176,14.93845,100.2662,1.554041,1.304674,0.1103479,31.03312,29.90438,0.413026,29.57456,19.11791,0
"2013-01-17 14:30:00",28272,923.2374,150.0947,398.7042,560.5456,516.8821,32.49304,350.0133,60.12833,-0.7280506,0.1321726,653.6483,14.91233,100.2438,1.464874,1.097933,0.1144478,30.98419,29.93101,0.4111369,29.96402,19.12823,0
"2013-01-17 15:00:00",28273,841.3715,138.6872,397.9019,550.0724,456.7334,32.81694,323.878,52.29279,-0.6467668,0.1251663,652.8304,14.76385,100.2132,1.80449,1.938599,0.1563023,31.23622,30.04317,0.4032216,30.17097,19.13867,0
"2013-01-17 15:30:00",28274,749.4414,125.2911,392.8275,532.5104,403.4834,32.35326,319.7921,48.3979,-0.6130263,0.05790514,654.3745,14.42822,100.1844,1.833359,2.538348,0.1105153,30.67075,29.4753,0.4058355,30.32524,19.14194,0
"2013-01-17 16:00:00",28275,638.8834,108.7309,390.2199,524.2075,332.0347,30.83893,283.413,32.83947,-0.5380433,0.08195309,654.7738,14.38425,100.1693,1.948228,0.4738016,0.09509727,30.40066,29.32782,0.4088329,30.28461,19.14428,0
"2013-01-17 16:30:00",28276,519.5588,90.21706,388.9449,509.72,259.0012,28.83757,234.6507,30.86601,-0.4942192,0.07653648,655.2398,14.53585,100.1668,1.679839,0.6883571,0.07431536,30.08621,28.94472,0.4242582,30.21905,19.14496,0
"2013-01-17 17:00:00",28277,394.926,70.49563,387.1875,493.3458,182.2714,26.41098,194.1096,25.85255,-0.4050527,0.1054584,656.2059,14.90845,100.1736,1.632982,1.179809,0.1085852,29.64272,28.51018,0.4491861,30.08426,19.14424,0
"2013-01-17 17:30:00",28278,276.2152,50.75826,383.5464,476.533,101.2033,23.36885,134.2022,14.67812,-0.2609952,0.0926021,657.6782,15,100.1968,1.614231,1.108963,0.1016981,29.01427,27.8099,0.4738015,29.88989,19.14168,0
"2013-01-17 18:00:00",28279,160.8909,32.64854,380.6422,460.3217,35.90627,19.83193,58.59988,-1.91336,-0.08905546,0.08908657,659.4299,15.33641,100.2421,1.372336,1.081352,0.08315625,28.24521,27.0067,0.5108866,29.61502,19.13806,0
"2013-01-17 18:30:00",28280,54.73768,14.73694,378.1209,445.6551,-17.67489,16.17434,12.05477,8.978608,0.04007825,0.05917195,661.9805,15.44121,100.2821,1.197639,0.9553618,0.1128456,27.42434,26.11136,0.5451627,29.3627,19.13294,0
"2013-01-17 19:00:00",28281,4.736668,1.767772,375.9068,433.0307,-34.4579,12.58322,4.25722,-2.550962,9.475107E+009,0.03369562,-4.105656E+015,15.70135,100.3279,0.872049,0.6540741,0.05300162,26.62341,25.1713,0.5895292,29.14149,19.12669,0
"2013-01-17 19:30:00",28282,-1.778533,1.567903,381.3956,426.7688,-39.72997,9.139066,-14.98677,25.35819,1.705424E+014,0.02323393,668.4737,15.87732,100.3626,0.8383363,0.7963808,0.0581011,25.99314,24.49352,0.6259013,28.71023,19.11994,0
"2013-01-17 20:00:00",28283,-2.01447,1.397801,374.3917,418.6223,-41.69988,6.154159,-19.78301,-5.453646,0.1398745,0.03358126,674.9027,16.0739,100.4061,0.3696673,0.4219734,0.0348358,25.27455,23.79696,0.6706746,28.27439,19.11146,0
"2013-01-17 20:30:00",28284,-1.853945,1.125333,372.755,410.4681,-35.37638,3.651444,-6.483671,0.3445668,0.03472688,0.005561812,686.3881,16.02972,100.4351,0.001844028,0.107914,0.005040653,24.26899,22.82026,0.7125397,27.90694,19.104,0
"2013-01-17 21:00:00",28285,-1.38309,1.323038,372.1304,406.4439,-31.76225,1.385842,-1.116118,-0.5896718,0.002214057,0.001468421,701.0811,15.94237,100.4647,-0.1843911,-0.2028016,-0.005718319,23.378,21.81533,0.7582032,27.52498,19.09575,0
"2013-01-17 21:30:00",28286,-0.8780972,1.77667,370.9189,404.2175,-32.14926,-0.6270559,2.40686,0.3044886,-0.05710093,0.0007735776,727.7139,15.84693,100.4845,-0.280661,-0.125798,-0.004360986,22.74604,21.12791,0.7910581,27.13746,19.08871,0
"2013-01-17 22:00:00",28287,-0.7391232,1.900928,370.1432,402.7837,-32.08091,-2.266811,1.065334,-0.6379945,-0.07051047,0.002778575,740.0853,15.7561,100.4925,-0.3535884,-0.166289,-0.001699695,22.30108,20.66323,0.8149801,26.78591,19.08189,0
"2013-01-17 22:30:00",28288,-0.7550668,1.778576,369.4012,401.3524,-30.5387,-3.521543,0.0818578,-0.1130056,-0.03769678,0.002222791,779.3752,15.62778,100.4855,-0.3617742,-0.05702972,-0.0001803889,21.80233,20.24234,0.8378103,26.46695,19.07507,0
"2013-01-17 23:00:00",28289,-0.9154598,1.538807,369.3649,399.2043,-29.20451,-4.546704,-1.20425,-0.1934689,0.02136968,0.002890193,786.5682,15.45997,100.4638,-0.2787676,-0.01738194,-0.008435681,21.34726,19.7965,0.85589,26.19499,19.06878,0
"2013-01-17 23:30:00",28290,-0.6795567,1.542479,371.6295,397.753,-28.69689,-5.467563,-1.622331,-1.585991,0.03182431,0.002182204,787.3008,15.25706,100.4412,-0.3849231,-0.09963485,-0.002242847,20.97386,19.44098,0.8714862,25.93581,19.06282,0
"2013-01-18 00:00:00",28291,-0.7494057,1.394614,373.7551,396.7365,-28.98791,-6.27787,-1.056048,-1.70392,0.09338275,0.001503016,796.0529,14.9971,100.4074,-0.2396514,-0.04642399,-0.008188042,20.58049,19.08136,0.8808399,25.68558,19.0568,0
"2013-01-18 00:30:00",28292,-0.6377072,1.278373,377.3917,396.9741,-27.82276,-6.99233,0.06522283,0.5244133,0.03503633,0.0009634301,803.4168,14.71951,100.3735,-0.360396,-0.187862,0.002937181,20.3064,18.79108,0.8918961,25.45067,19.05137,0
"2013-01-18 01:00:00",28293,-0.6438584,1.262465,379.877,396.7909,-27.08949,-7.597744,0.2271569,-0.3187805,-0.02496514,0.0008545575,817.513,14.56333,100.3288,-0.3025113,-0.1255353,-0.005719778,20.04628,18.54457,0.8986396,25.23206,19.04591,0
"2013-01-18 01:30:00",28294,-0.8142661,1.283852,379.5064,395.386,-29.06073,-8.093356,0.4723603,0.6953104,-0.06156129,0.001617361,822.2809,14.30271,100.2935,-0.2204123,0.00631775,-0.002474583,19.78255,18.35867,0.9037449,25.03888,19.04142,0
"2013-01-18 02:00:00",28295,-0.6743511,1.340512,380.2946,394.4398,-28.76442,-8.560152,-2.698272,-4.343338,-0.01986046,0.003205451,832.2019,13.55742,100.2731,-0.2609124,-0.07753557,-0.0004898611,19.44747,18.06367,0.9091042,24.86531,19.03596,0
"2013-01-18 02:30:00",28296,-0.5801654,1.625148,380.79,393.7,-29.82316,-9.063562,-0.5125299,1.599822,0.04305005,0.00170826,828.7774,12.69629,100.2739,-0.2163092,-0.03106613,-0.001146069,19.25261,17.86528,0.9137142,24.6824,19.0317,0
"2013-01-18 03:00:00",28297,-0.6937093,1.413126,381.6389,393.576,-29.08258,-9.538265,-0.8821011,-0.5009301,0.09072644,0.001115798,833.9084,11.82743,100.2602,-0.3472016,-0.1258416,-0.002476542,19.00677,17.62408,0.9176666,24.49734,19.02722,0
"2013-01-18 03:30:00",28298,-0.7110028,1.378774,381.8256,392.827,-28.65066,-9.98307,0.1391438,-2.4779,-0.0325277,0.002341705,820.1145,11.06859,100.2649,-0.1759705,-0.1170384,0.0003558889,18.82895,17.4191,0.920747,24.31312,19.02326,0
"2013-01-18 04:00:00",28299,-0.7751755,1.371288,381.4248,391.8912,-29.77442,-10.36621,0.07250653,4.065518,0.1001389,0.001060096,849.2404,10.41986,100.2759,-0.2809824,-0.04891583,-0.0009711527,18.54904,17.18607,0.9231988,24.15366,19.01893,0
"2013-01-18 04:30:00",28300,-0.6447995,1.44113,380.8887,390.8392,-28.05089,-10.72553,0.1712585,-0.5483296,-0.02092173,0.001252439,817.796,9.642534,100.2788,-0.2933174,-0.1494123,-0.009434931,18.25354,16.90067,0.9251357,23.9955,19.0149,0
"2013-01-18 05:00:00",28301,-0.7073816,1.310783,381.2164,390.4558,-28.87887,-11.04115,0.1571509,-8.27469,-0.4460911,0.001436697,834.8715,9.315087,100.3012,-0.1969555,-0.007838514,-0.002841222,18.05725,16.79396,0.9274286,23.83318,19.0111,0
"2013-01-18 05:30:00",28302,6.797411,2.950364,380.623,389.8031,-21.68724,-11.32989,-2.230818,-3.918401,0.0302091,0.003970859,840.3001,8.45618,100.3233,-0.143175,-0.1903223,-0.004851653,17.89529,16.56548,0.9290547,23.69315,19.00763,0
"2013-01-18 06:00:00",28303,30.79722,7.740431,382.5993,393.2112,-14.17345,-11.53933,0.4674808,-0.2941854,-0.01900389,0.001129328,892.2702,9.637308,100.3548,-0.2482533,-0.1740374,-0.007232278,18.08674,16.72072,0.9306523,23.51729,19.00413,0
"2013-01-18 06:30:00",28304,66.91868,17.91355,389.1976,402.4774,2.834988,-11.36594,-0.2696975,-0.6290084,-0.03449066,0.001262832,828.076,10.10343,100.3814,0.09524446,-0.1334804,0.001506833,19.23272,17.68888,0.9323111,23.28658,19.00107,0
"2013-01-18 07:00:00",28305,207.6397,41.00593,401.2187,418.2225,87.64615,-10.59785,0.5519973,0.9726414,0.138797,0.0005983075,738.5786,14.42875,100.3849,0.2471868,-0.06879845,-0.005675417,21.7505,19.72809,0.931403,23.09549,18.99855,0
"2013-01-18 07:30:00",28306,379.2973,77.54274,399.7008,451.6666,223.4765,-9.182427,-20.43042,-57.49282,0.6211305,0.004873567,679.6649,16.66185,100.3897,0.5539155,0.06074912,-0.003971861,24.66666,23.06532,0.8256601,22.81096,18.99742,0
"2013-01-18 08:00:00",28307,532.9335,106.1096,387.0342,482.4646,267.613,-6.778617,77.96471,-3.808399E+012,116.6738,0.01301607,-4.863192E+012,8.275273E+013,100.3784,1.509761,1.442485,0.1203575,26.60111,25.27064,0.6593821,23.02722,18.99783,0
"2013-01-18 08:30:00",28308,655.9539,124.8018,393.0404,504.5361,334.0935,-3.849715,147.6259,-6.854738E+016,2103385,0.02714606,662.6653,16.79374,100.3697,1.849621,1.324382,0.1164053,27.25326,26.04285,0.6134084,23.54863,19.00111,0
"2013-01-18 09:00:00",28309,728.9786,142.5478,390.2223,523.8469,373.3288,-0.6289386,219.2659,42.58602,-0.4898695,0.05425962,660.8038,16.55582,100.3568,1.101711,0.6503279,0.09935989,28.0991,27.06522,0.5677821,23.98619,19.00718,0
"2013-01-18 09:30:00",28310,820.4681,159.736,394.0158,538.9174,433.2661,2.935516,227.9477,43.75769,-0.5088616,0.01893103,659.8237,16.02662,100.3257,1.099756,0.9734653,0.08482886,28.81931,27.85798,0.5196587,24.60608,19.01633,0
"2013-01-18 10:00:00",28311,908.3437,171.2389,397.8531,553.7852,491.8527,6.677284,302.3495,39.22235,-0.6424589,0.019951,657.9589,14.94829,100.2901,1.307081,1.176507,0.08871171,29.85662,28.86223,0.4476655,25.22125,19.02647,0
"2013-01-18 10:30:00",28312,977.9434,178.7227,400.6082,569.524,565.0883,10.66895,293.8596,78.57593,-0.5982643,0.0193013,657.0269,14.40678,100.2494,0.9714577,-0.1075337,0.02145708,30.38655,29.76866,0.4004333,25.86107,19.03792,0
"2013-01-18 11:00:00",28313,1028.523,179.6862,407.0459,579.3636,598.3477,14.91148,302.9985,70.18055,-0.6407909,0.1008945,654.4402,14.83886,100.207,1.449725,0.8245602,0.08926145,31.38617,30.43132,0.3963448,26.56355,19.05201,0
"2013-01-18 11:30:00",28314,1063.3,175.6926,411.4165,589.4064,628.1718,19.19753,308.0677,71.01133,-0.6280307,0.01306267,651.8165,14.63205,100.1492,1.07741,0.1390005,0.06550839,32.41605,31.38943,0.3656909,27.3076,19.06554,0
"2013-01-18 12:00:00",28315,1081.661,175.9502,417.6258,600.0595,642.3808,23.32778,343.3021,92.7446,-0.7149776,0.03433102,649.103,14.45751,100.0852,1.021797,0.2921727,0.05476408,33.47676,32.57774,0.3335329,27.96664,19.07835,0
"2013-01-18 12:30:00",28316,1081.287,173.7261,421.3777,602.6137,637.0723,27.14682,352.2483,89.05592,-0.67207,0.05294628,648.746,14.44632,100.0222,1.276198,0.3051333,0.07364734,34.01231,33.06729,0.3243119,28.69762,19.09055,0
"2013-01-18 13:00:00",28317,1063.025,167.563,424.9944,598.2081,624.4987,30.49131,339.3287,97.73746,-0.6118524,0.1082099,648.7418,15.2901,99.98547,1.736117,1.0337,0.1243378,34.76649,33.52131,0.336906,29.44572,19.10246,0
"2013-01-18 13:30:00",28318,1025.885,160.6498,424.794,584.3319,597.2533,32.91785,387.1949,159.2081,-0.7378207,0.07355902,649.9775,16.82581,99.94264,2.201919,1.410997,0.1541088,34.54579,33.18175,0.3874851,30.08656,19.11308,0
"2013-01-18 14:00:00",28319,975.4589,153.8648,424.2228,583.1254,584.5978,34.27316,338.5195,52.18311,-0.6564078,0.09381455,649.5807,17.03895,99.91393,1.839433,0.2930157,0.08996245,34.57638,33.02034,0.398859,30.54615,19.12273,0
"2013-01-18 14:30:00",28320,906.1725,143.8752,423.1701,570.2045,526.6847,35.03305,338.1276,56.73518,-0.713825,0.02179846,650.2122,17.2857,99.88583,2.088583,1.475488,0.1303765,34.13854,32.69951,0.4130923,30.90459,19.13023,0
"2013-01-18 15:00:00",28321,819.5802,131.9803,420.7245,560.6915,469.0957,34.98878,304.0018,24.50803,-0.5853735,0.09002748,649.8982,17.36857,99.85936,2.038511,1.010209,0.1253732,33.87391,32.24939,0.4277885,31.09076,19.1352,0
"2013-01-18 15:30:00",28322,720.4705,116.9579,420.8401,551.9081,401.6781,34.12354,333.7503,47.4014,-0.6550702,0.07385283,649.1823,17.39906,99.84224,1.763153,1.356303,0.1160329,33.77501,32.27599,0.4273093,31.11583,19.13851,0
"2013-01-18 16:00:00",28323,607.1428,100.7895,418.6091,538.2482,330.2715,32.86736,268.7149,38.84234,-0.5252658,0.05913587,649.4916,17.65642,99.81875,1.908025,0.7577099,0.1147224,33.38915,31.81341,0.4478993,31.11333,19.13965,0
"2013-01-18 16:30:00",28324,490.785,83.56625,416.0207,523.2441,254.3743,31.01854,209.1852,15.19674,-0.4195549,0.0852498,650.1666,17.9906,99.8137,1.783699,0.5408034,0.1059477,32.89665,31.3119,0.4730477,31.09146,19.14055,0
"2013-01-18 17:00:00",28325,364.8504,64.5675,413.1715,505.3983,169.2855,28.55572,180.5605,6.088203,-0.3585719,0.07257004,651.5942,18.15794,99.81731,2.083917,1.128503,0.1218571,32.26655,30.61264,0.4991744,30.97136,19.13983,0
"2013-01-18 17:30:00",28326,245.4993,44.62182,409.055,488.8553,96.32365,25.47944,102.374,9.173116,-0.1859319,0.05978677,653.3132,18.46581,99.85084,1.765664,0.9177709,0.0744645,31.51732,29.7958,0.5349557,30.79356,19.13716,0
"2013-01-18 18:00:00",28327,139.7969,27.55093,405.0767,473.2525,36.09696,21.97168,72.75002,7.118336,-0.1179155,0.06048773,655.6589,18.54962,99.88061,1.381955,0.9348603,0.076151,30.70138,28.95055,0.565428,30.5443,19.13305,0
"2013-01-18 18:30:00",28328,51.76568,11.78292,400.8109,459.0084,-13.80657,18.39213,-3.454516,1.302177,0.06181711,0.03998331,658.8834,18.41193,99.92014,1.328789,0.9454757,0.1051148,29.77468,27.98486,0.5938337,30.28793,19.12853,0
"2013-01-18 19:00:00",28329,5.943859,1.965457,395.9958,447.6524,-41.69447,14.86416,-10.84758,4.630342,0.09191613,0.03426257,662.5272,17.9134,99.95629,1.257447,0.8970619,0.03382535,28.87265,27.10431,0.6066583,30.00426,19.12231,0
"2013-01-18 19:30:00",28330,-1.794514,1.123104,397.6148,440.015,-30.00943,11.45878,-20.36719,6.179058,0.1333676,0.03192737,666.1458,17.7286,99.99512,0.9145252,0.938881,0.0763248,28.05793,26.32821,0.6263171,29.57907,19.11497,0
"2013-01-18 20:00:00",28331,-1.722473,1.36174,389.5022,432.5529,-40.15907,8.434952,-14.41199,-1.974361,0.07511658,0.01431441,671.5211,17.96667,100.0158,0.4487478,0.3986504,0.02398578,27.43004,25.70011,0.6576861,29.15643,19.10773,0
"2013-01-18 20:30:00",28332,-1.472301,1.482768,387.5437,427.6049,-37.13324,5.874915,-12.85163,1.225878,0.1032507,0.004829223,677.1026,17.9026,100.0434,0.3154986,0.2463038,0.03257386,26.89613,25.12441,0.6766012,28.76661,19.09971,0
"2013-01-18 21:00:00",28333,-0.7988241,2.13399,387.5858,429.4787,-38.42877,3.750505,-12.22343,-0.9667299,0.1197086,0.009582339,672.705,18.44705,100.0798,0.6671572,0.58265,0.04687972,26.92094,25.02659,0.7038391,28.36217,19.0921,0
"2013-01-18 21:30:00",28334,-0.8586508,2.042795,388.0754,429.5797,-37.69227,2.166297,-16.12136,-14.27524,0.1393758,0.007562988,672.2704,18.77491,100.1012,0.702326,0.756197,0.07155009,26.7885,24.86523,0.7267625,28.01481,19.08419,0
"2013-01-18 22:00:00",28335,-1.107044,1.805797,387.1116,428.091,-38.08216,0.9707714,-20.93745,0.1849939,0.1767127,0.02210202,672.9453,18.85618,100.1064,0.6263868,0.6454947,0.03737587,26.60615,24.7066,0.7375258,27.73219,19.07718,0
"2013-01-18 22:30:00",28336,-1.647268,1.088397,385.4055,420.8468,-32.70813,0.001418938,-13.84614,-0.5787551,0.117312,0.02041526,684.4048,18.87842,100.1031,0.07878223,-0.06064254,0.02137492,25.80562,23.98588,0.7646636,27.53682,19.07149,0
"2013-01-18 23:00:00",28337,-1.685275,0.9189538,382.5299,415.3305,-30.34648,-1.022801,-2.032105,-0.747967,0.04897765,0.00389214,703.081,18.82338,100.0944,-0.09501446,-0.03913499,0.0104649,24.75773,23.03802,0.7990695,27.33027,19.06603,0
"2013-01-18 23:30:00",28338,-1.136427,1.207395,380.9335,412.0832,-27.11871,-2.132954,-1.86371,-0.7983224,0.06046832,0.0008173257,715.9834,18.758,100.0792,-0.2132906,-0.06653053,-0.006158473,24.09321,22.26992,0.8343485,27.088,19.0606,0
"2013-01-19 00:00:00",28339,-0.8496082,1.304548,380.3429,409.8372,-27.00845,-3.19625,0.3655132,0.6577861,-0.02194864,0.00114713,743.7313,18.55858,100.0661,-0.1080756,-0.003600153,0.005052361,23.56932,21.80674,0.8535551,26.81214,19.05503,0
"2013-01-19 00:30:00",28340,-0.7249616,1.318671,379.0308,408.4745,-27.15723,-4.058533,1.184497,0.08090825,0.01731132,0.001324745,760.2219,18.37687,100.0294,-0.2902001,-0.05826784,0.00406643,23.03378,21.33076,0.8717138,26.56922,19.04983,0
"2013-01-19 01:00:00",28341,-0.8680653,1.091446,378.8865,406.802,-27.45178,-4.832356,-0.3310917,-1.551722,0.05887614,0.00213478,785.8711,18.08736,100.0041,-0.238,-0.08033174,-0.000497125,22.5214,20.84813,0.8858461,26.33582,19.04474,0
"2013-01-19 01:30:00",28342,-0.5757662,1.117865,381.5224,405.2975,-27.6554,-5.493639,-0.9265262,-1.91232,0.1079821,0.004261735,788.1245,17.807,99.98629,-0.3232627,-0.04654149,-0.004173472,22.2179,20.50529,0.8946078,26.12224,19.04007,0
"2013-01-19 02:00:00",28343,-0.5759933,1.213864,384.857,404.9985,-26.91536,-6.124379,0.7077906,0.6195325,0.02264096,0.001917635,770.0383,17.34222,99.97017,0.02910878,0.08074804,0.01003886,21.85173,20.2502,0.9019962,25.90963,19.03472,0
"2013-01-19 02:30:00",28344,-0.6415149,1.121968,387.7879,405.0859,-28.52322,-6.714161,0.8747407,4.968226,0.04442726,0.001508516,816.1683,16.83973,99.96925,-0.3366456,-0.08431573,0.002390528,21.43131,19.84082,0.9091383,25.70661,19.03001,0
"2013-01-19 03:00:00",28345,-0.3844523,1.388586,388.9962,403.9115,-25.64881,-7.255513,0.04854333,-2.964387,-0.07072587,0.0003113637,777.9584,15.15335,99.963,-0.1081108,-0.1516038,0.003082778,21.1604,19.58178,0.9138024,25.51696,19.02556,0
"2013-01-19 03:30:00",28346,-0.5828325,1.064429,390.8548,404.4638,-28.24088,-7.739893,0.2111592,-5.267335,-0.06121473,0.001324675,844.7661,16.15077,99.95335,-0.4635404,-0.09409881,-0.007157444,20.89455,19.34525,0.9178697,25.32255,19.021,0
"2013-01-19 04:00:00",28347,-0.7345694,0.9586482,391.3848,403.6184,-26.12926,-8.122728,0.8743178,-5.420419,-0.1485687,0.0009653924,843.9291,15.86075,99.9674,0.08682089,0.2667804,0.01586603,20.66164,19.15262,0.9213259,25.1515,19.01682,0
"2013-01-19 04:30:00",28348,-0.5255082,1.073767,391.7858,402.8568,-25.82601,-8.396712,0.5486633,-1.889229,-0.03925628,0.007084754,825.3652,14.78414,99.9952,-0.05460983,0.000781014,0.01205049,20.472,18.95653,0.9243219,25.00388,19.01256,0
"2013-01-19 05:00:00",28349,-0.4936683,1.004168,392.0803,402.6678,-27.16204,-8.641249,-0.6396807,-16.84279,-0.2813693,0.007789124,848.3716,15.01177,100.0203,-0.3707844,-0.2287654,-0.001618806,20.29789,18.78844,0.9260613,24.8519,19.00933,0
"2013-01-19 05:30:00",28350,5.825367,2.229498,392.5057,402.5159,-22.02962,-8.888391,0.3941584,-18.98878,-0.3412803,0.003976522,862.3768,15.07224,100.0629,0.06363233,0.1752591,0.01176606,20.18784,18.7,0.9277448,24.70307,19.00529,0
"2013-01-19 06:00:00",28351,31.96037,7.47965,393.9884,406.0819,-10.87072,-9.00133,-1.925333,1.847453,-0.07777472,0.005801722,890.4338,16.34767,100.088,-0.248084,-0.1117735,0.0002883333,20.45562,18.86529,0.9294044,24.54542,19.00243,0
"2013-01-19 06:30:00",28352,72.23795,16.91384,400.0026,414.7807,13.17089,-8.812173,-0.0591551,2.294886,0.1718358,0.001902213,841.93,17.55231,100.1086,0.4099737,0.1138229,0.02434677,21.56986,19.71494,0.9299109,24.34594,18.99919,0
"2013-01-19 07:00:00",28353,192.4078,37.52266,407.1877,429.3903,85.77934,-8.040854,-4.47328,-2.30927,0.1489831,0.006987755,748.4255,18.64129,100.1215,-0.0009176389,-0.2073366,0.01188057,23.87898,21.51909,0.922305,24.16763,18.99719,0
"2013-01-19 07:30:00",28354,357.405,75.16584,395.7149,464.3281,205.9959,-6.708432,37.83544,42.16427,-0.2597208,0.01322495,698.9032,18.97452,100.1374,0.4962122,0.1267856,0.05958218,26.2876,24.51788,0.8030363,23.87556,18.99595,0
"2013-01-19 08:00:00",28355,366.1082,68.68087,405.0343,488.3894,184.9957,-4.545271,72.10056,76.5192,0.1007915,0.00591052,671.2639,18.50319,100.1649,0.2235959,0.2721434,0.02508931,27.96288,26.73838,0.6674582,24.09888,18.99712,0
"2013-01-19 08:30:00",28356,403.1679,73.57407,429.0563,503.7575,216.2686,-1.814953,96.26188,35.55783,-0.21519,0.007651603,662.7057,18.36951,100.1545,-0.1710683,-0.06254816,0.03195875,29.31433,27.94962,0.6144323,24.63084,19.00051,0
"2013-01-19 09:00:00",28357,447.6904,84.1546,424.0506,513.2336,255.0832,0.8937545,94.5591,51.63324,-0.1849541,0.04236582,655.89,17.79041,100.1042,-0.3379448,0.5803062,-0.01114333,30.64021,29.12233,0.5503957,25.0756,19.00559,0
"2013-01-19 09:30:00",28358,791.3384,150.8323,417.6369,555.6748,444.3341,3.246575,145.0448,44.46845,-0.3020671,0.05529197,652.9891,17.32806,100.0474,-0.3036832,0.6957464,0.0119255,31.66348,30.67559,0.4815724,25.15233,19.01136,0
"2013-01-19 10:00:00",28359,897.9292,163.9436,424.994,575.998,511.7511,6.511825,248.6124,41.99358,-0.4866732,0.0611607,651.6296,16.76153,99.99117,0.5591478,0.773747,0.04663695,32.5626,31.66761,0.4308503,25.71781,19.01946,0
"2013-01-19 10:30:00",28360,946.3234,167.3637,429.9371,593.3115,552.0583,11.07353,279.6935,66.33907,-0.5264925,0.06857182,648.045,16.16699,99.93498,0.2860595,0.4722789,0.05797833,34.37456,33.40725,0.3670688,26.47569,19.0299,0
"2013-01-19 11:00:00",28361,1006.725,170.5683,434.8208,601.957,587.8883,15.87342,319.4642,78.33192,-0.5943134,0.02312656,646.5533,16.44231,99.89521,1.042544,0.859147,0.0818243,35.22032,34.19316,0.3543419,27.32148,19.04255,0
"2013-01-19 11:30:00",28362,1050.164,168.6281,440.0986,614.5963,627.4825,20.37893,320.0219,101.5069,-0.6072265,0.07381607,644.5798,16.15909,99.83469,0.9362772,0.8655246,0.07672546,36.38134,34.99846,0.3316952,28.07469,19.05574,0
"2013-01-19 12:00:00",28363,1074.048,170.696,445.8147,621.3635,667.5108,24.99131,275.6786,81.06813,-0.5045663,0.02217347,642.8583,16.01066,99.79759,0.503643,-0.2319045,-0.006029667,37.18814,36.06673,0.310852,28.83486,19.06833,0
"2013-01-19 12:30:00",28364,1068.294,167.24,449.9118,613.5972,651.6453,28.76364,331.9629,114.8516,-0.6494274,0.003365811,644.1222,17.63648,99.77332,1.33801,-0.1756277,0.06742126,37.84518,36.37072,0.3433855,29.56754,19.08016,0
"2013-01-19 13:00:00",28365,1032.792,160.1345,446.4969,600.1636,629.5353,31.33997,330.4318,248.5609,-0.6244081,0.1989414,647.2676,19.28425,99.77263,2.206379,0.1338864,0.1082423,36.88543,35.10894,0.4104372,30.37604,19.09345,0
"2013-01-19 13:30:00",28366,956.7719,149.3418,446.2068,589.767,576.6738,33.45026,361.6585,56.64917,-0.7239093,0.1442826,646.5218,19.71893,99.77212,2.197893,1.083833,0.07383721,36.67925,34.78185,0.4307049,30.87844,19.10344,0
"2013-01-19 14:00:00",28367,837.3134,133.9632,445.3514,571.7113,480.3487,34.41767,284.5617,43.63919,-0.5592456,0.04951243,646.5113,20.2309,99.77016,2.241755,2.281137,0.1991022,35.73466,33.75877,0.4710438,31.23042,19.11109,0
"2013-01-19 14:30:00",28368,793.4404,126.0862,439.454,565.412,459.2258,34.07956,345.5998,36.58334,-0.6344288,0.1516657,646.2687,19.8983,99.74921,2.043073,1.589029,0.151283,35.39921,33.33683,0.475007,31.4307,19.12077,0
"2013-01-19 15:00:00",28369,805.7769,127.0124,436.0988,562.5797,478.2968,33.00681,287.3125,38.45258,-0.5395599,0.1322106,646.1261,19.83998,99.74894,2.309106,1.035822,0.08284838,35.0447,33.11472,0.4780896,31.49987,19.12401,0
"2013-01-19 15:30:00",28370,705.6337,111.8894,432.8147,552.684,415.3415,32.51566,300.1881,10.20023,-0.5907164,0.2233373,647.0359,19.99723,99.76749,2.000945,0.6801436,0.02736522,34.50179,32.58718,0.4982183,31.63004,19.12356,0
"2013-01-19 16:00:00",28371,602.7092,97.1965,431.9267,541.3618,339.5065,31.65549,262.1689,18.92428,-0.5372118,0.1267105,646.5857,20.24261,99.75435,1.892719,0.8017278,0.08074956,34.31853,32.37738,0.5112429,31.58743,19.12548,0
"2013-01-19 16:30:00",28372,438.4505,71.1985,431.0127,522.8561,230.8592,30.17052,244.7666,15.35362,-0.4910633,0.1156712,647.611,20.48977,99.76219,1.877527,1.058151,0.1205825,33.65593,31.66536,0.5409344,31.58999,19.1268,0
"2013-01-19 17:00:00",28373,186.2224,30.09104,440.6638,496.4267,82.89491,27.80622,159.1969,-11.39454,-0.2749594,0.1499547,650.2226,20.53041,99.82347,1.718261,1.066022,0.158011,32.45201,30.40824,0.5834331,31.62687,19.12616,0
"2013-01-19 17:30:00",28374,86.30214,14.88204,452.0896,482.602,35.22778,24.12341,74.08825,-4.759357,-0.08256322,0.07148872,653.8091,20.18921,99.90634,1.158926,-0.1138357,0.01665093,31.61493,29.53309,0.6039113,31.38346,19.12348,0
"2013-01-19 18:00:00",28375,47.464,8.5257,448.4281,473.2667,11.88933,20.18323,40.82191,29.55916,-0.07984845,0.1094361,655.2402,20.67824,99.96913,1.455872,0.4023025,0.07743569,30.95885,28.8206,0.6453689,31.00071,19.11904,0
"2013-01-19 18:30:00",28376,7.853678,0.8626242,445.0635,463.8514,-10.57124,16.66447,16.68768,11.54233,0.01574376,0.05612468,657.9683,20.29243,100.0136,0.7952634,0.06861592,0.06027566,30.31354,28.1609,0.6565058,30.6246,19.11369,0
"2013-01-19 19:00:00",28377,0.6386226,0.2970245,446.709,460.2066,-11.90378,13.57564,-6.870445,9.902368,0.1000843,0.04211892,659.0262,20.50434,100.0702,1.017807,0.2324279,0.01094837,29.97907,27.79198,0.6779785,30.22904,19.10736,0
"2013-01-19 19:30:00",28378,-0.5344723,0.2786078,445.6231,457.9084,-11.696,10.97022,1.741515,-8.197188,0.06529421,0.04901853,660.5093,20.82086,100.1335,0.8196296,0.2821573,0.04939442,29.72139,27.48851,0.7013514,29.85974,19.10084,0
"2013-01-19 20:00:00",28379,-0.4273541,0.3466145,444.7068,456.5396,-11.25309,8.95477,-0.7929221,-2.023554,0.08811516,0.05281755,660.6971,21.00893,100.1577,0.9477579,0.500329,0.03942147,29.55038,27.25731,0.7191863,29.53926,19.0941,0
"2013-01-19 20:30:00",28380,-0.526746,0.315001,443.2978,455.0058,-11.17408,7.347152,-2.626881,7.572961,0.1125447,0.06080817,661.4079,21.27307,100.1898,0.8887925,0.3860447,0.07128777,29.32661,27.03035,0.7387633,29.25958,19.08792,0
"2013-01-19 21:00:00",28381,-1.398074,1.507243,444.6943,451.435,-33.29398,6.069435,-4.055923,5.135696,0.09743933,0.04562087,719.224,19.01657,100.2159,0.6849676,-0.1779419,9.509726E-005,28.97646,26.72511,0.7590864,29.04229,19.08181,0
"2013-01-19 21:30:00",28382,-1.549558,2.941957,442.7528,444.4416,-43.00951,5.022391,1.98662,226.843,-2.113424,0.0174657,677.613,21.11787,100.2425,0.4763625,-0.01182218,0.01610764,28.44812,26.07756,0.8039538,28.9283,19.07567,0
"2013-01-19 22:00:00",28383,-1.701519,2.433209,440.7538,441.308,-53.22644,4.083362,-11.53209,-41.48596,0.7441623,0.01931209,729.3798,15.56166,100.2864,0.884324,-0.2410726,0.02315535,27.66214,25.5262,0.8049474,28.6538,19.07017,0.8
"2013-01-19 22:30:00",28384,-0.09484595,1.207294,435.7465,437.1128,-13.07152,3.185047,-27.33535,-201.6228,0.3544768,0.07364757,723.0555,13.12704,100.31,-0.3391577,-0.7597895,0.02450511,26.80748,24.26685,0.8810774,28.49766,19.06233,4.6
"2013-01-19 23:00:00",28385,0.2481523,2.088486,436.2274,438.4158,-17.01105,1.515224,-8.683544,-366.7683,2.63099,0.0492611,642.7308,13.17687,100.3106,-0.3461543,-1.035232,0.005351834,28.0022,24.26607,0.8937426,28.06278,19.05857,0.2
"2013-01-19 23:30:00",28386,0.2110796,2.047562,437.0262,439.4396,-17.45512,-0.2117319,-12.97025,42.02594,0.3200807,0.0307316,682.8865,16.17481,100.3054,0.1219024,-0.3875097,0.0129485,28.19359,24.44528,0.8918503,27.72992,19.05427,0
"2013-01-20 00:00:00",28387,-0.003638933,1.634699,437.8675,440.2194,-16.22612,-0.8523049,-6.524321,59.1539,0.7491211,0.0411366,702.4438,19.98089,100.2889,0.2719443,-0.03998598,0.03841717,28.21176,24.51122,0.8948156,27.52136,19.04986,0
"2013-01-20 00:30:00",28388,-0.5138099,1.804817,437.2651,438.3514,-22.92303,-1.006647,-1.144496,6.983552,0.2063862,0.01331242,693.5503,21.41279,100.2383,0.03238786,-0.2241666,0.03117585,28.16206,24.42024,0.8963231,27.4185,19.04594,0
"2013-01-20 01:00:00",28389,-0.5520228,1.783893,436.0248,436.4163,-22.45471,-1.175412,-9.305345,51.84142,0.0923935,0.03886315,689.5947,22.01827,100.2267,-0.07260982,-0.1497413,-0.02643903,28.04359,24.33864,0.8966228,27.32234,19.04267,0
"2013-01-20 01:30:00",28390,-0.1906067,1.65837,436.4362,437.9045,-19.68785,-1.509255,-10.94374,4.474959,0.335631,0.02018064,693.7834,22.01976,100.2139,0.1654835,-0.01721776,-0.01279797,27.97875,24.29503,0.8986993,27.16243,19.04003,0
"2013-01-20 02:00:00",28391,-0.9960082,1.826205,434.9673,432.3756,-33.08524,-1.770175,-12.25992,15.77146,0.6808156,0.005675573,695.9974,21.88699,100.2259,0.02390672,-0.1149999,-0.000793514,27.74763,24.20506,0.8976708,27.09783,19.03728,0
"2013-01-20 02:30:00",28392,-0.1842365,0.7681113,433.4736,432.5603,-11.76606,-2.113369,-10.32974,-4.184705,0.3133484,0.02157889,714.9117,21.835,100.2341,-0.03358418,-0.05249996,-0.01575369,27.23838,23.90844,0.9018131,26.98586,19.03479,0
"2013-01-20 03:00:00",28393,-0.6307319,1.598329,433.5885,433.5171,-19.28556,-2.552103,0.7011355,-2.618323,0.03304859,0.001957881,715.9752,21.58085,100.2131,-0.005625417,-0.1414722,0.007674917,27.01463,23.80159,0.903268,26.81398,19.03317,0
"2013-01-20 03:30:00",28394,-1.226671,0.9762416,429.5667,423.8908,-30.21316,-2.737836,-2.47892,3.191591,0.2110993,0.00399944,748.9383,21.36519,100.2077,0.0009322917,0.1591214,0.007370861,25.88274,23.34782,0.9046498,26.79862,19.03038,0
"2013-01-20 04:00:00",28395,-0.4617444,1.242384,427.8466,425.0615,-24.36207,-3.27044,-0.5230573,-1.223327,0.1943522,0.003012792,808.7009,21.09344,100.2487,-0.2708453,-0.05010081,-0.003839153,25.82114,22.99554,0.9120409,26.63044,19.02876,0
"2013-01-20 04:30:00",28396,-0.6487228,1.264692,426.7337,423.5536,-28.30926,-3.927719,0.3795022,0.4342735,0.2195665,0.001316671,834.9233,20.69651,100.2887,-0.1795114,-0.03411969,-0.001337736,25.70964,22.81387,0.9159608,26.44993,19.02692,0
"2013-01-20 05:00:00",28397,-0.1615041,0.7929518,426.3818,425.2815,-14.20088,-4.599416,0.6939552,-0.6957302,-0.2578146,0.0009642888,876.3679,20.41852,100.3217,-0.003945292,0.1860346,0.0009087778,25.53639,22.56478,0.9193019,26.25558,19.02353,0
"2013-01-20 05:30:00",28398,3.073551,1.229007,427.209,427.4244,-9.723713,-5.028281,0.02341408,2.361988,0.1289068,0.0035064,912.9516,20.42237,100.3495,-0.04599832,0.2411046,0.01177975,25.70936,22.55702,0.9228231,26.09051,19.02131,0
"2013-01-20 06:00:00",28399,45.06314,8.701913,431.0099,432.7481,8.883104,-5.046083,-3.388589,-12.19877,0.2719677,0.01062643,865.9893,21.03499,100.4002,-0.06676161,0.3760006,0.02364179,26.36941,22.94724,0.9253144,25.9274,19.01931,0
"2013-01-20 06:30:00",28400,64.37832,13.30256,433.6917,434.83,0.7657039,-4.618278,-0.5581105,-2.630985,0.6464993,0.006163368,810.2819,21.38703,100.4346,-0.3714455,-0.2185266,0.01459717,26.93406,23.36327,0.9244672,25.8803,19.01705,0
"2013-01-20 07:00:00",28401,224.6033,32.78767,441.4875,445.2058,84.09087,-4.046061,2.290442,12.569,0.4004515,0.00347461,733.1696,21.35993,100.4491,-0.04261054,0.005534111,0.04298669,27.04619,24.18222,0.9118344,25.69621,19.01622,0
"2013-01-20 07:30:00",28402,399.415,69.88827,460.7379,463.9303,58.52423,-3.474339,10.55235,40.69667,0.2579976,0.01058181,690.0733,20.31106,100.4539,0.2351706,0.002745306,0.005007097,27.30324,25.82668,0.8049029,25.35833,19.01599,0
"2013-01-20 08:00:00",28403,500.1353,87.28421,471.1218,478.7397,152.2926,-2.05157,49.09248,109.4984,0.1535069,0.01243647,676.7321,19.52369,100.4551,0.5556643,0.03065111,0.02937076,28.08253,27.02606,0.6964892,25.49366,19.01754,0
"2013-01-20 08:30:00",28404,598.028,101.8203,474.676,489.8215,318.335,0.2439311,115.0215,186.0188,-0.04038088,0.02695589,667.2608,18.52897,100.4615,0.07868628,-0.3278597,0.02433035,28.53609,27.54275,0.6367124,26.02373,19.02089,0
"2013-01-20 09:00:00",28405,719.535,127.3745,448.4578,508.9538,424.6025,2.630697,100.0737,116.5283,-0.04336521,0.04324875,665.3541,18.16879,100.4525,0.9122009,0.2065342,0.05791119,29.34876,28.31202,0.5898681,26.24335,19.02666,0
"2013-01-20 09:30:00",28406,695.3184,122.3972,405.0599,513.1068,414.9981,5.422835,163.7979,135.1935,-0.2040641,0.1024925,665.0927,17.76034,100.4433,0.1887022,-0.7938867,-0.009843208,29.69022,28.76517,0.5554649,26.79406,19.03419,0
"2013-01-20 10:00:00",28407,989.6292,173.8655,410.7446,544.1595,620.4407,8.064302,185.9631,128.0505,-0.2881353,0.06409039,663.4521,17.19656,100.4229,0.1733699,-1.036484,-0.002859695,30.34207,29.59566,0.510628,27.12995,19.04677,0
"2013-01-20 10:30:00",28408,909.3183,152.2852,420.8438,548.0808,573.2446,10.96675,246.4245,142.0063,-0.4997205,0.03085831,661.9498,16.46419,100.3963,-0.1228241,-0.5623316,0.01528197,31.1477,30.15038,0.4671058,27.6464,19.05585,0
"2013-01-20 11:00:00",28409,816.6188,131.2578,420.5721,547.127,499.0146,13.81268,283.614,118.1458,-0.5225686,0.08719631,660.3359,15.64551,100.3677,0.6624241,-0.5114388,0.1039397,31.65161,30.80599,0.4174117,28.12545,19.06693,0
"2013-01-20 11:30:00",28410,1033.029,159.7803,419.5859,567.682,657.4493,16.6562,238.5503,160.3199,-0.3880753,0.1261837,659.4099,15.09912,100.3481,0.4408914,-0.5165172,9.926375E-005,32.13098,31.07882,0.3912661,28.62616,19.07906,0
"2013-01-20 12:00:00",28411,936.0507,139.2914,424.1353,571.9078,582.8527,19.26384,338.7053,196.0539,-0.6261528,0.1320235,658.8023,15.34591,100.3147,0.7053841,-0.2469342,0.06910871,32.48006,31.67975,0.3825527,29.05187,19.08991,0
"2013-01-20 12:30:00",28412,1107.52,167.1588,426.5747,578.0921,704.8201,22.39792,272.8034,149.8779,-0.4834554,0.1140622,657.1649,16.26073,100.2819,1.147451,-0.2177356,0.07231916,32.95139,31.75733,0.4095901,29.64274,19.10227,0
"2013-01-20 13:00:00",28413,995.3189,145.2097,428.0466,574.0654,624.6647,24.57481,369.4577,197.3681,-0.7390324,0.1065485,657.2589,16.93099,100.2611,1.260255,0.1155695,0.0626006,32.66636,31.38217,0.4400863,30.13466,19.11158,0
"2013-01-20 13:30:00",28414,882.1365,126.602,420.141,557.8536,552.5118,26.80505,292.7068,95.49305,-0.5407463,0.1640648,656.3514,17.26089,100.2342,1.116998,-0.22829,0.0002871111,32.60803,31.18027,0.4568124,30.70271,19.12213,0
"2013-01-20 14:00:00",28415,899.4485,130.6,419.4726,558.9459,541.5501,27.28093,270.3265,127.8623,-0.5138258,0.1558971,655.6289,17.18292,100.2082,1.955591,1.292593,0.1179179,32.67423,31.16456,0.4548301,30.88669,19.1323,0
"2013-01-20 14:30:00",28416,832.2103,122.3459,418.4615,550.5957,504.9585,27.17618,279.7186,98.82677,-0.5077685,0.09563576,655.8438,17.23955,100.1904,1.645775,0.6806908,0.0769001,32.49246,30.88632,0.4646903,31.06948,19.13731,0
"2013-01-20 15:00:00",28417,730.9484,107.3924,418.0562,543.7343,438.0117,26.6139,289.701,91.37473,-0.5244258,0.1631037,656.9715,17.31407,100.1906,1.643473,0.2739957,0.06868307,32.03862,30.63871,0.4739887,31.09645,19.14243,0
"2013-01-20 15:30:00",28418,604.0862,89.10079,420.4533,528.5656,350.8846,25.7265,265.5107,65.45139,-0.5093423,0.0870602,657.2615,17.43462,100.1801,1.91957,1.182459,0.1118989,31.6716,30.1368,0.4923953,31.13168,19.14296,0
"2013-01-20 16:00:00",28419,330.0952,50.35935,426.0179,502.144,176.5102,24.1765,211.7329,62.6414,-0.3719665,0.13854,658.002,17.88788,100.1878,1.4503,0.4998486,0.09807172,31.18215,29.57583,0.5253317,31.0968,19.14398,0
"2013-01-20 16:30:00",28420,315.4889,51.35986,434.9991,496.5713,172.3502,20.85734,132.5311,33.1914,-0.1911593,0.1590914,658.7454,18.29297,100.203,1.579347,1.183472,0.09592839,30.66726,28.91362,0.5610088,30.83093,19.14292,0
"2013-01-20 17:00:00",28421,125.1402,19.50842,444.1583,481.9343,57.61291,17.60894,105.3033,21.52431,-0.1175008,0.03750844,659.9303,18.54226,100.2241,1.049181,0.6423053,0.1061094,30.33997,28.53024,0.5832713,30.56895,19.14025,0
"2013-01-20 17:30:00",28422,78.82901,12.98257,441.777,470.5592,33.00217,14.56912,49.02778,30.91621,0.04230053,0.02607406,662.1208,18.33145,100.2681,0.8776752,-0.0008181526,0.03541132,29.65188,27.84392,0.600058,30.32295,19.13731,0
"2013-01-20 18:00:00",28423,35.55833,5.661167,440.4588,462.2312,6.945143,11.44015,25.53738,18.84248,0.07410014,0.04736292,664.1215,18.29491,100.3151,1.024252,0.3334059,0.08601499,29.13814,27.33281,0.6162049,29.96492,19.13283,0
"2013-01-20 18:30:00",28424,11.11821,1.850196,437.0217,454.6285,-7.201957,8.775192,9.932023,22.86079,0.1446945,0.07219191,665.5082,18.55331,100.3613,1.339898,0.7691197,0.06656694,28.559,26.6871,0.6493627,29.62566,19.1274,0
"2013-01-20 19:00:00",28425,1.187462,0.4657961,435.0583,450.8613,-9.934909,6.388829,1.207121,11.50062,0.1384481,0.02989877,666.6481,18.65431,100.3921,0.9698637,0.4703472,0.04018425,28.29088,26.39667,0.6645178,29.2566,19.12201,0
"2013-01-20 19:30:00",28426,-0.8988494,0.5319858,422.5822,446.361,-20.71985,4.404733,-5.780258,12.39198,0.1623803,0.04351858,668.8638,18.7601,100.4328,0.9590104,0.5476425,0.04406781,27.97962,26.09244,0.6795031,28.92953,19.11591,0
"2013-01-20 20:00:00",28427,-1.049421,0.749878,416.671,442.0352,-23.60512,2.817496,-4.752149,6.233266,0.117017,0.02015158,673.8863,18.8774,100.4634,0.4866863,0.462055,0.03764986,27.61727,25.71079,0.6981155,28.64003,19.11026,0
"2013-01-20 20:30:00",28428,-0.2806699,0.9529991,428.0132,442.8308,-14.11152,1.421898,-9.411068,5.934107,0.1803957,0.01849891,676.0244,19.01942,100.4733,0.4885657,0.1522453,0.01949638,27.57787,25.56136,0.7110617,28.34489,19.10453,0
"2013-01-20 21:00:00",28429,-0.6959922,1.076281,413.7861,441.5809,-25.88293,0.3672046,-6.417904,10.3536,0.2543982,0.02293198,671.7625,19.25775,100.4954,0.6698217,-0.0466092,0.06678822,27.64604,25.63104,0.719547,28.07873,19.09911,0
"2013-01-20 21:30:00",28430,-1.808457,1.06219,394.5089,432.0039,-34.88142,-0.4859304,-13.70157,6.982973,0.1993459,0.06155792,676.2863,19.2848,100.4999,0.3349383,0.1326469,0.02765551,27.13939,25.23189,0.7336444,27.92518,19.0947,0
"2013-01-20 22:00:00",28431,-1.316945,0.3978121,409.5234,430.1551,-18.75437,-1.523111,-2.065669,-0.4622709,0.04532101,0.01396608,715.526,19.49813,100.4908,-0.05877025,0.1344801,0.006773056,25.89806,24.09197,0.7830916,27.72835,19.0901,0
"2013-01-20 22:30:00",28432,-0.7337673,1.205506,406.2345,429.5141,-22.22804,-2.457689,-2.089666,-0.8750856,0.1488366,0.002583738,740.7888,19.53584,100.4786,-0.08096562,0.1256322,0.02700518,25.84244,23.81166,0.8053582,27.48346,19.08539,0
"2013-01-20 23:00:00",28433,0.2879612,1.117045,423.553,433.6755,-9.722084,-3.03069,-3.90379,-0.7893562,0.2475816,0.005526594,745.5225,19.60944,100.4614,0.05708618,0.2677852,0.01849474,25.78151,23.74843,0.8141462,27.24523,19.082,0
"2013-01-20 23:30:00",28434,0.2743127,1.023556,426.618,435.7463,-8.737867,-3.344763,-7.426558,10.7139,0.6716827,0.003190194,742.6884,19.75343,100.4511,0.2448254,0.2911889,0.03033636,25.99669,23.9249,0.8162808,27.03598,19.07857,0
"2013-01-21 00:00:00",28435,-0.6909997,1.583982,430.6292,436.7097,-21.43766,-3.357461,-0.7269095,-2.784603,-0.09790994,0.005839705,715.3691,19.38623,100.4446,-0.05873208,0.1217818,0.0303324,26.40386,24.19082,0.802755,26.90795,19.07548,0
"2013-01-21 00:30:00",28436,-3.11115,3.468257,431.0177,433.3509,-48.32695,-3.335951,-9.266838,41.30315,1.0647,0.02115158,695.9799,19.18953,100.4292,-0.8844506,-0.528813,0.0007067916,26.08693,24.09723,0.7972134,26.9147,19.07326,0
"2013-01-21 01:00:00",28437,-1.9964,1.292417,429.3823,431.5832,-22.73714,-3.504459,-7.13597,20.56407,0.2706964,0.004934181,719.4385,20.00408,100.3772,0.1926699,0.3207476,0.03612801,25.07647,23.37558,0.8378574,26.79814,19.07164,0
"2013-01-21 01:30:00",28438,-1.083389,1.056777,428.4288,430.8488,-21.14311,-3.650074,-4.228,3.519324,0.2160335,0.005755565,741.004,20.15758,100.3431,0.3260635,0.4264883,0.0362214,24.96454,23.00881,0.8712997,26.66588,19.06938,0
"2013-01-21 02:00:00",28439,-0.641664,1.156178,428.9532,431.3433,-31.54175,-3.66392,-0.5214238,1.689993,0.1055225,0.002036431,734.9656,19.88324,100.3365,0.6433935,0.6300275,0.05299567,25.02874,22.94417,0.8721536,26.54004,19.06734,0
"2013-01-21 02:30:00",28440,-0.8604884,0.8256877,428.6846,430.4287,-21.0667,-3.660564,-3.135282,15.90446,-0.05908883,0.009234804,684.963,19.67382,100.331,0.6707641,0.9254776,0.04143387,24.808,22.89217,0.8846958,26.44273,19.0655,0
"2013-01-21 03:00:00",28441,-0.5741129,0.3245876,426.1858,427.7976,-14.14978,-3.721638,-2.562585,-21.95841,0.2223291,0.006389959,721.7591,14.0446,100.3149,0.6439988,0.9768677,0.0959504,24.9937,22.28151,0.9005583,26.37701,19.06377,0.8
"2013-01-21 03:30:00",28442,-0.3195913,0.6858127,425.4823,427.7344,-10.34896,-3.900298,10.81197,-84.99503,0.659032,0.01946015,828.7109,1.90311,100.292,-0.3908166,-0.07584129,0.07357867,25.70081,22.12199,0.9102713,26.26823,19.06105,0.2
"2013-01-21 04:00:00",28443,-0.4588021,1.086156,424.1263,426.2827,-14.22462,-4.18751,-0.3097498,18.13218,0.1521679,0.007979137,780.4255,7.820728,100.2895,-0.9662802,0.03150321,0.03001247,25.15419,21.88746,0.9103276,26.16454,19.05936,0
"2013-01-21 04:30:00",28444,-0.3525775,0.7124346,423.3064,426.1719,-9.529795,-4.644658,0.5990932,-114.9023,0.9400799,0.014602,653.3995,16.8061,100.2997,0.04074433,0.232484,0.05139132,24.37136,21.7683,0.913235,26.02863,19.05755,0.2
"2013-01-21 05:00:00",28445,-0.3412037,0.7156177,423.3822,425.8482,-11.18178,-4.785713,-0.2374326,7.332169,0.1421043,0.002561803,696.9435,15.64409,100.3165,-0.06169534,0.1998521,0.04803947,24.35736,21.7899,0.9160179,25.93542,19.05604,0
"2013-01-21 05:30:00",28446,1.566125,0.8839466,423.6382,426.4637,-8.339346,-4.769055,0.2243776,3.111069,-0.2188579,0.001842021,781.6122,16.71576,100.3571,0.1002464,0.1001379,0.04945181,24.44166,21.83507,0.9183827,25.862,19.05465,0
"2013-01-21 06:00:00",28447,19.03437,3.488916,424.951,428.7823,1.027461,-4.723563,0.2086226,5.701929,0.1527385,0.002906714,752.4768,18.01944,100.3859,0.005494986,0.0619373,0.04381656,24.65317,21.95983,0.9204934,25.78666,19.05352,0
"2013-01-21 06:30:00",28448,93.91973,17.90069,429.8289,436.3914,13.15105,-4.573104,1.533999,2.063124,0.1182512,0.0006989097,741.859,18.231,100.3946,0.3728333,0.1330607,0.05873978,25.42054,22.32671,0.9207814,25.66689,19.05231,0
"2013-01-21 07:00:00",28449,188.8335,33.02276,435.7509,441.6056,23.62005,-3.959566,11.44404,23.58818,0.1195051,0.002363322,732.1525,18.74589,100.4238,0.3660702,0.1015697,0.0734791,26.46574,22.86191,0.914093,25.59734,19.05163,0
"2013-01-21 07:30:00",28450,231.3038,37.93084,446.9943,452.9351,11.06137,-3.093893,11.98538,44.80416,0.2603219,0.002927603,712.9848,19.58525,100.4455,0.357498,0.2834259,0.05283271,27.03653,23.57618,0.8913262,25.5047,19.05156,0
"2013-01-21 08:00:00",28451,330.276,55.02999,451.671,460.999,60.62777,-1.534066,38.48028,56.18372,0.1357285,0.00920451,694.3856,20.39031,100.4502,0.450191,0.1935602,0.04780867,26.68278,24.30985,0.8601559,25.73154,19.05341,0
"2013-01-21 08:30:00",28452,565.5798,94.88097,466.7412,479.4812,207.0642,0.5268925,78.79142,62.66142,0.2957655,0.02058056,672.5182,19.83463,100.4359,-0.09743299,-0.1986168,-0.04561118,26.85231,25.60017,0.771365,25.73146,19.05616,0
"2013-01-21 09:00:00",28453,699.1284,117.2066,482.5363,501.5942,418.5547,2.857384,77.67587,105.2762,-0.07731996,0.02196766,664.9604,18.91647,100.4209,0.5069287,0.6335585,0.08786799,28.03737,26.80383,0.6746029,25.94829,19.06249,0
"2013-01-21 09:30:00",28454,324.038,51.43682,456.0228,483.7415,186.635,5.690255,196.2359,175.8712,-0.3496096,0.02459985,666.1624,18.16118,100.4299,0.4472547,0.616806,0.02288085,27.93397,26.43995,0.6551409,26.82392,19.07047,0
"2013-01-21 10:00:00",28455,316.2173,49.31163,436.7036,486.9038,193.098,7.159852,82.74008,70.45694,-0.07851651,0.01365874,664.2907,18.00098,100.4269,0.5616719,-0.127309,0.03382045,28.42198,27.11086,0.6225716,27.04428,19.07835,0
"2013-01-21 10:30:00",28456,334.0622,53.51147,436.1043,487.8579,204.3402,7.653754,80.9248,69.61279,-0.1585554,0.03351592,664.4756,17.62108,100.4167,-0.799834,-0.9534195,-0.002823042,28.50093,27.21568,0.6045287,27.26292,19.08407,0
"2013-01-21 11:00:00",28457,946.005,153.7,432.6038,541.9968,628.5631,7.616668,93.67091,67.98646,-0.1624225,0.03538024,662.4662,17.54571,100.3843,-1.175028,-0.84962,-0.01895879,29.58632,28.43086,0.5602238,26.98328,19.0901,0
"2013-01-21 11:30:00",28458,323.515,46.87022,436.3277,503.9811,188.85,8.930054,266.083,140.1493,-0.5705867,0.03900386,662.4583,17.50088,100.3575,-0.316366,0.3840442,0.03197189,29.85165,28.54942,0.548118,27.41278,19.09342,0
"2013-01-21 12:00:00",28459,190.4203,27.56036,441.9195,486.0027,102.7927,10.27738,105.9936,51.10529,-0.1293941,0.07502177,665.0189,17.57013,100.3344,0.694934,0.7625162,0.05301968,29.71679,28.13699,0.5626768,27.83614,19.10103,0
"2013-01-21 12:30:00",28460,260.9042,40.07694,440.8627,488.4671,153.9571,9.7167,45.78626,64.02554,0.04290488,0.05459362,667.9434,17.84916,100.3153,0.9384362,0.326506,0.0106256,29.83281,28.1271,0.5743973,27.83186,19.10559,0
"2013-01-21 13:00:00",28461,197.3778,31.08335,440.0874,485.3607,104.9437,8.870684,87.11073,55.23553,-0.1564869,0.05755622,668.4147,17.74334,100.2875,0.3852237,-0.4278533,0.03043925,29.51048,28.09428,0.5706261,27.8033,19.10788,0
"2013-01-21 13:30:00",28462,406.4597,65.17738,440.2182,503.5748,240.674,8.342935,48.78455,30.4379,-0.07552455,0.04906457,666.3332,18.03164,100.2501,0.1041364,-0.6510648,-0.02090943,29.62375,28.23819,0.576764,27.73525,19.10781,0
"2013-01-21 14:00:00",28463,274.585,41.03495,444.3504,496.6614,164.7414,8.396049,101.174,43.89175,-0.1911773,0.04572498,664.1487,18.14477,100.2135,-0.4261418,-1.048182,0.01516994,29.91166,28.4809,0.5723814,27.79509,19.10928,0
"2013-01-21 14:30:00",28464,134.986,19.2057,443.6749,480.0522,72.09897,8.521793,91.99719,35.1534,-0.1855011,0.02872102,664.9965,18.25479,100.1922,-0.1646814,-0.9094102,0.0159936,29.67249,28.05967,0.5903006,27.95096,19.11064,0
"2013-01-21 15:00:00",28465,79.20609,10.89417,440.8464,466.1013,31.61001,7.764941,34.93433,19.60826,-0.0314259,0.03076361,666.465,18.33123,100.1886,-0.3487961,-1.207936,0.01952014,28.96509,27.30972,0.6179895,27.97936,19.11248,0
"2013-01-21 15:30:00",28466,213.7838,33.96918,436.442,476.4002,125.3568,6.241987,19.93009,13.57427,0.05257444,0.03490802,664.1628,19.09609,100.1708,-0.8529311,-1.208925,0.007701805,28.39844,26.75935,0.6660143,27.74756,19.1118,0
"2013-01-21 16:00:00",28467,276.1453,43.6495,436.6362,485.5438,163.134,5.185616,68.82345,40.36913,-0.1642218,0.04359199,662.2705,18.95128,100.1461,0.4479539,-0.5142878,-0.001708917,28.57958,26.88311,0.6594299,27.54882,19.11011,0
"2013-01-21 16:30:00",28468,172.3658,26.94714,437.7778,478.1418,93.75731,5.532417,75.97237,23.45799,-0.1458721,0.08215275,663.4723,18.80391,100.1446,0.4582032,-0.1619092,0.04113762,28.7179,26.96761,0.6502125,27.61146,19.10924,0
"2013-01-21 17:00:00",28469,96.77022,14.86348,438.868,469.4686,46.48183,5.88322,63.30484,18.78444,-0.07897554,0.03293371,664.7367,17.94762,100.1746,0.3228163,-0.3226719,0.02057108,28.76316,27.05315,0.6157439,27.6697,19.10981,0
"2013-01-21 17:30:00",28470,40.36102,5.42221,436.8504,456.9933,11.7354,5.317909,23.5673,14.22743,0.01564371,0.05027396,668.1533,18.13516,100.2225,0.4157904,-0.1825083,0.05486578,28.09344,26.38371,0.6436458,27.67815,19.10894,0
"2013-01-21 18:00:00",28471,19.09759,5.683694,435.0859,437.5942,-36.53603,4.062323,10.49651,0.1667238,0.05672909,0.05158252,644.3851,15.71775,100.2884,0.2626151,-0.4784046,0.001135903,26.57714,24.48533,0.7858338,27.79254,19.10747,0.6
"2013-01-21 18:30:00",28472,9.193718,2.560845,429.2378,432.5207,-9.540232,2.680136,-14.97604,-280.8849,-0.3569512,0.07175635,733.889,10.55644,100.3334,0.04807808,-0.05994997,0.02449902,25.71808,22.98072,0.8762494,27.54234,19.10457,0.2
"2013-01-21 19:00:00",28473,2.312993,1.410228,428.7945,432.598,-10.0701,1.345322,-0.1355669,20.47409,1.244314,0.01464669,729.9997,15.61788,100.3607,-0.2769738,0.3468279,0.01949824,25.69405,22.85489,0.8887489,27.21254,19.10178,0
"2013-01-21 19:30:00",28474,-0.32686,0.9851288,428.6079,431.8904,-10.96798,0.3477076,0.368437,-26.77857,0.3923868,0.002729438,706.5751,17.58287,100.384,-0.2987346,0.1601901,0.003010347,25.7151,22.79826,0.897712,26.97694,19.09884,0.2
"2013-01-21 20:00:00",28475,-0.3223104,0.8991481,428.5528,431.6209,-10.23154,-0.4254495,0.5671257,23.99578,0.1120077,0.00456117,745.6499,14.13215,100.3946,0.1840572,0.06525189,0.04669704,26.01352,22.76074,0.9030413,26.80354,19.09624,0
"2013-01-21 20:30:00",28476,-0.2729542,0.7117269,428.7314,431.5265,-8.638714,-0.9894201,1.015815,0.4381194,0.1414328,0.0002270619,804.7311,9.493959,100.4198,0.2209295,-0.09461772,0.05527236,26.6298,22.72412,0.9088818,26.67384,19.09315,0.4
"2013-01-21 21:00:00",28477,-0.4278548,0.7774638,428.1605,430.6118,-10.31024,-1.410901,-9.680306,-295.4259,5.553167,0.04751581,595.1881,12.99762,100.4459,-0.3085912,0.04912393,0.05171274,27.87184,22.56501,0.9128132,26.56123,19.09067,0
"2013-01-21 21:30:00",28478,-0.3361946,0.9448938,427.3224,429.6124,-11.48493,-1.889507,-1.996098,-7.28572,0.1561119,0.01854544,790.6191,12.17614,100.4613,-0.6214796,-0.1123442,0.01772708,28.31304,22.42496,0.9157171,26.44314,19.08841,0.2
"2013-01-21 22:00:00",28479,-0.4574296,1.00994,426.2269,428.3751,-11.03561,-2.400891,-11.70314,40.61553,-2.239687,0.07348032,856.2986,6.835175,100.4705,-0.7165865,-0.9684731,-0.1117008,27.72267,22.1731,0.9164689,26.32521,19.08562,0.6
"2013-01-21 22:30:00",28480,-0.3805516,0.9339773,424.4875,426.7243,-11.5822,-2.957266,-9.752859,-163.764,0.8618685,0.07032506,850.0167,5.08356,100.4547,"NAN","NAN","NAN","NAN",21.95477,0.9181828,26.18796,19.08415,0.2
"2013-01-21 23:00:00",28481,-0.4601695,0.9105579,423.4469,425.3733,-13.2746,-3.481107,"NAN","NAN","NAN","NAN",794.3903,10.79528,100.4132,"NAN","NAN","NAN","NAN",21.78967,0.919031,26.05457,19.08181,0
"2013-01-21 23:30:00",28482,-0.399892,0.7188049,423.0508,424.8247,-13.17197,-3.797738,"NAN","NAN","NAN","NAN",780.0473,15.2719,100.3995,-1.553333,-2.380007,-0.8086956,24.63581,21.71904,0.921303,25.93237,19.07989,0
"2013-01-22 00:00:00",28483,-1.063884,1.013613,420.9558,418.2882,-29.14801,-4.039989,"NAN","NAN","NAN","NAN",778.692,16.45374,100.3675,"NAN","NAN","NAN","NAN",21.56486,0.9226075,25.87948,19.07748,0
"2013-01-22 00:30:00",28484,-0.7613492,1.050012,418.3366,415.908,-22.93608,-4.458118,"NAN","NAN","NAN","NAN",812.5846,16.231,100.3521,-0.009167333,0.1589592,0.08849757,27.22395,21.16872,0.9243741,25.77889,19.07545,0.2
"2013-01-22 01:00:00",28485,-0.5721002,1.252707,416.9686,414.9315,-23.19538,-5.197422,"NAN","NAN","NAN","NAN",833.5271,16.09232,100.3084,-0.5563015,-0.6442301,-0.1712774,26.22303,20.99077,0.9262001,25.61481,19.07258,0
"2013-01-22 01:30:00",28486,0.03343829,0.7934422,417.9991,418.5095,-9.678584,-5.912364,"NAN","NAN","NAN","NAN",891.0573,16.1726,100.2702,-1.10981,-1.489782,-0.4969188,24.82713,20.94824,0.927889,25.39717,19.07021,0
"2013-01-22 02:00:00",28487,-0.7377096,0.8177797,418.6487,418.2372,-22.21659,-6.265744,"NAN","NAN","NAN","NAN",796.8965,16.19829,100.2594,-1.756497,-2.370266,-0.7749736,24.52494,21.0306,0.9291506,25.28276,19.0678,0
"2013-01-22 02:30:00",28488,-0.7261059,0.6972166,416.8767,416.24,-19.52233,-6.35423,"NAN","NAN","NAN","NAN",828.9545,15.85321,100.2412,0.006513347,0.347604,0.08965031,26.84115,20.6944,0.9304147,25.21593,19.06478,0
"2013-01-22 03:00:00",28489,-0.8241491,0.8598626,415.0083,414.3504,-23.06304,-6.566864,"NAN","NAN","NAN","NAN",832.676,15.68503,100.2217,-0.2279188,0.2146167,0.03660487,26.45936,20.40455,0.9318148,25.12631,19.06297,0
"2013-01-22 03:30:00",28490,-0.7049577,0.7916292,412.7981,411.9482,-19.82629,-6.871361,"NAN","NAN","NAN","NAN",865.2379,15.26,100.2095,-0.03319858,0.06258079,0.0511044,25.48644,20.01504,0.9333614,25.04482,19.06135,0
"2013-01-22 04:00:00",28491,0.1601454,0.5630155,415.802,416.9788,-6.659849,-7.292581,"NAN","NAN","NAN","NAN",883.7503,14.68714,100.2172,-0.1890227,0.1659521,0.07383373,25.53403,20.34892,0.935266,24.81737,19.05917,0
"2013-01-22 04:30:00",28492,-0.06278609,0.3523689,417.1798,418.3684,-7.070933,-7.366326,"NAN","NAN","NAN","NAN",886.6708,15.4342,100.2133,-0.245784,-0.03328154,-0.1036729,25.73743,20.52158,0.9353674,24.72449,19.05695,0
"2013-01-22 05:00:00",28493,-0.09508519,0.5297945,418.7144,419.6539,-10.38091,-7.106741,"NAN","NAN","NAN","NAN",838.4183,15.73249,100.2304,-0.1731327,0.06363814,-0.06250333,26.00889,20.86331,0.9356191,24.67421,19.05499,0
"2013-01-22 05:30:00",28494,3.983085,1.436506,418.1728,417.7152,-25.29106,-6.788094,"NAN","NAN","NAN","NAN",849.4265,16.42686,100.2514,-0.001713472,-0.2075494,0.0408945,25.80429,20.88296,0.9352259,24.68545,19.05386,0
"2013-01-22 06:00:00",28495,36.46349,7.168179,417.4056,417.358,-5.420305,-6.678153,"NAN","NAN","NAN","NAN",840.0785,16.19208,100.2801,-0.05050299,0.1159463,0.03265335,24.56337,20.72829,0.9355666,24.66342,19.05269,0
"2013-01-22 06:30:00",28496,87.73746,17.72263,424.5859,426.6798,30.54881,-6.836123,4.223353,0.6207454,-0.212957,0.008435252,804.2349,17.04155,100.3044,0.04764753,0.153917,0.03496376,25.56064,21.48139,0.9356749,24.45232,19.05122,0
"2013-01-22 07:00:00",28497,144.3934,21.05497,431.1096,435.4385,71.2756,-6.370723,12.10692,23.5112,0.1917724,0.01171334,724.0626,17.21065,100.3129,-0.004912458,0.04320357,-0.00534632,26.88344,22.07133,0.9322898,24.3766,19.04982,0
"2013-01-22 07:30:00",28498,133.5409,20.28125,433.4222,442.5032,29.66254,-5.195378,58.02354,119.2389,1.470303,0.1697489,714.1998,17.96974,100.3378,-0.2941463,0.2201853,-0.1158805,25.45968,22.57984,0.9165545,24.5201,19.04994,0
"2013-01-22 08:00:00",28499,118.6856,17.78503,432.0213,438.257,25.14413,-3.63553,-198.5759,161.8711,-0.04767303,0.426574,872.2906,9.024654,100.3798,0.7557796,0.9105218,0.1007256,24.21112,22.65539,0.9021869,24.80421,19.05149,0
"2013-01-22 08:30:00",28500,291.0122,44.4674,438.0988,450.6244,103.1112,-2.386662,22.57133,331.407,-3.699906,0.005182335,812.9672,13.73662,100.3791,-0.1537274,0.5415224,0.005950708,24.69507,22.87936,0.9003929,24.82615,19.0539,0
"2013-01-22 09:00:00",28501,699.1833,112.9693,457.6054,475.8578,310.3007,-0.938477,21.84014,-285.2579,3.523164,0.01284046,679.586,20.01375,100.3877,-0.5957183,0.1656046,0.01962975,25.9631,24.07746,0.8507366,24.64169,19.05744,0
"2013-01-22 09:30:00",28502,852.2613,140.4975,482.7774,502.079,506.8537,1.790056,130.5943,192.7415,-0.2239202,0.04987434,670.4809,19.43716,100.3816,-0.1428578,0.1397001,0.005756792,27.23742,26.03777,0.7386375,24.75074,19.06331,0
"2013-01-22 10:00:00",28503,824.0419,131.3394,446.9156,514.0506,528.3681,5.499046,181.1485,289.653,-0.2562621,0.03751204,664.3113,18.67706,100.3693,0.4679201,0.1200617,0.03063083,28.45693,27.22617,0.654371,25.58859,19.07273,0
"2013-01-22 10:30:00",28504,539.1022,79.72606,432.6924,503.5313,340.8125,9.51229,220.9855,179.0122,-0.3817379,0.04848541,663.3645,18.12686,100.3597,1.070515,0.7872263,0.07148514,28.73643,27.23187,0.6253009,26.51022,19.08532,0
"2013-01-22 11:00:00",28505,279.2514,40.63309,434.2871,474.7984,170.4973,12.10514,166.8119,130.2145,-0.3017306,0.02299025,667.4423,18.91642,100.375,1.584227,1.851988,0.1194915,27.89861,26.20598,0.6853125,27.11686,19.097,0
"2013-01-22 11:30:00",28506,517.0034,78.94981,428.5831,491.5735,325.6246,11.74973,52.37479,79.82592,0.01604098,0.04325679,665.1564,18.81553,100.3709,0.81187,1.955698,0.08000396,27.74624,25.92781,0.6954253,27.05339,19.10491,0
"2013-01-22 12:00:00",28507,561.7899,84.82156,434.9226,509.5908,351.4232,11.13406,131.214,72.71051,-0.2511394,0.02905559,660.6915,18.47335,100.3376,1.064275,1.313335,0.07018317,28.73859,27.09928,0.6374525,26.91853,19.1095,0
"2013-01-22 12:30:00",28508,644.3564,95.32509,436.8776,516.0942,407.8042,12.43107,177.4251,95.22893,-0.353725,0.0190632,658.2603,18.70884,100.3095,1.068683,1.830374,0.08853719,29.12435,27.42453,0.6316354,27.20966,19.11418,0
"2013-01-22 13:00:00",28509,381.7423,56.03864,439.4174,497.4103,223.1248,13.88877,186.9408,87.9848,-0.3752142,0.04489342,658.1884,18.87015,100.2882,1.022615,1.512936,0.1403248,28.95541,27.20938,0.6450816,27.65407,19.11874,0
"2013-01-22 13:30:00",28510,298.5618,44.68991,439.2091,488.8793,176.6985,14.10344,130.4045,60.38302,-0.2132535,0.02083119,658.0668,18.63568,100.2758,1.029804,1.133631,0.09288721,28.88806,27.15558,0.6389862,27.81218,19.1242,0
"2013-01-22 14:00:00",28511,327.1593,48.70596,437.6229,492.1964,198.3612,13.06639,105.7188,48.1819,-0.1763186,0.04400989,658.8201,18.5222,100.2593,0.8551059,1.043493,0.05734226,28.62634,26.91412,0.6423132,27.75159,19.1277,0
"2013-01-22 14:30:00",28512,615.9511,89.94504,436.5205,518.8716,372.2425,12.38542,93.17068,45.81358,-0.165897,0.01603461,658.6234,18.35028,100.228,1.117665,1.323538,0.1048385,29.42979,27.69506,0.617094,27.63944,19.12917,0
"2013-01-22 15:00:00",28513,179.9921,28.18958,439.2505,467.8999,16.15864,13.2775,184.6243,14.0128,-0.0122354,0.04208542,662.0064,18.5854,100.2141,1.073877,1.074966,0.08466373,28.4266,26.64837,0.6691688,28.15207,19.13162,0
"2013-01-22 15:30:00",28514,154.7359,22.49657,436.5402,469.3518,78.255,13.02692,65.39502,-29.21568,0.3713265,0.03526742,660.6321,19.30256,100.1994,1.213926,1.280803,0.1023064,28.29721,26.43604,0.6894104,28.09431,19.13403,0
"2013-01-22 16:00:00",28515,153.2572,24.14269,431.9466,464.6008,82.26088,11.11279,47.57892,11.66479,0.09794559,0.04264279,663.4779,19.53067,100.1916,0.7744848,0.5689528,0.05705572,27.44682,25.49391,0.7365263,27.96772,19.13554,0
"2013-01-22 16:30:00",28516,408.8196,62.87195,406.8499,487.6431,224.1896,9.153804,43.43818,20.04296,0.01351392,0.03952476,657.5485,18.76227,100.1568,1.107382,1.113498,0.1026985,28.78045,26.84625,0.658816,27.55553,19.13366,0
"2013-01-22 17:00:00",28517,397.6092,61.14645,401.0891,488.184,210.8112,9.123479,125.7671,48.00073,-0.1930364,0.07013122,657.05,17.17416,100.1341,1.525388,1.115112,0.060446,29.44656,27.78456,0.5641858,27.43239,19.13241,0
"2013-01-22 17:30:00",28518,273.8581,41.52193,399.8917,476.0518,123.3581,9.42751,114.5325,37.83418,-0.1805573,0.03583645,658.8726,16.82617,100.1475,1.286993,1.843311,0.1252149,29.34125,27.77512,0.54707,27.49063,19.13173,0
"2013-01-22 18:00:00",28519,146.7126,21.77637,398.019,462.6819,51.3903,8.585486,45.2863,24.43508,-0.01853302,0.04755637,660.6318,17.19148,100.1991,1.236771,0.4800487,0.05281811,28.92407,27.40705,0.5713097,27.45778,19.13064,0
"2013-01-22 18:30:00",28520,31.94778,6.49018,392.8424,444.5833,-20.34488,6.999471,8.00175,27.39506,0.0839377,0.04124786,665.7663,17.48417,100.2339,0.7466518,0.5124959,0.03925961,28.07793,26.42313,0.6152883,27.64084,19.12831,0
"2013-01-22 19:00:00",28521,5.154116,1.517229,391.889,437.985,-33.47044,4.697771,-14.09418,5.740058,0.1692409,0.01733238,670.2479,18.18019,100.2737,0.9516919,0.1882182,0.04330087,27.52675,25.78143,0.6658869,27.43823,19.12578,0
"2013-01-22 19:30:00",28522,-2.10957,0.6204746,392.8157,428.5605,-17.26482,2.536767,-13.45169,3.902349,0.208843,0.007949561,683.6239,18.55647,100.3129,0.1574182,0.09734055,0.02113885,26.59637,24.85721,0.7110109,27.19938,19.12156,0
"2013-01-22 20:00:00",28523,-1.27124,0.4972137,403.8828,427.1764,-21.60298,0.5455849,-7.66217,-0.9248654,0.1615823,0.009572374,714.8521,18.9788,100.359,0.03559262,-0.2209647,0.009305138,25.72515,23.89272,0.7687767,26.89696,19.11734,0
"2013-01-22 20:30:00",28524,-1.456855,0.8231611,392.8814,422.0497,-27.19218,-1.015419,-5.148693,0.9751556,0.223219,0.002401446,744.6131,19.17379,100.397,-0.03963974,-0.04945998,0.008860652,25.10748,23.30932,0.8016453,26.63304,19.11252,0
"2013-01-22 21:00:00",28525,-1.375682,0.9942352,389.3012,417.2227,-25.78752,-2.269714,-0.9412351,0.6849269,0.0783415,0.000938791,751.5276,19.22508,100.4238,-0.02959793,0.04186723,0.001709597,24.44049,22.63199,0.8340222,26.40565,19.10871,0
"2013-01-22 21:30:00",28526,-0.4506131,1.272224,397.0343,418.6178,-20.60395,-3.43218,-2.718473,-0.4121912,0.1301993,0.002155301,770.7854,19.17256,100.4309,-0.1040029,-0.1727923,0.001538542,24.07009,22.16976,0.8584549,26.13833,19.10427,0
"2013-01-22 22:00:00",28527,-0.1699199,1.521294,399.6964,419.88,-19.58595,-4.278887,0.354933,-0.08906811,0.01483656,0.001336008,855.4263,19.18474,100.4419,-0.2940303,-0.04776557,0.0005983611,23.90802,22.01295,0.8719882,25.89176,19.09986,0
"2013-01-22 22:30:00",28528,0.1897074,1.528829,406.3463,421.8387,-17.03036,-4.799307,-1.541529,-1.388045,0.192111,0.0005834983,870.1443,19.34517,100.4455,-0.4180759,-0.09461474,-0.003115722,24.00389,22.04001,0.8811461,25.68678,19.0962,0
"2013-01-22 23:00:00",28529,0.1435336,1.078198,413.8961,424.6169,-10.89577,-5.081124,-0.5289388,-0.493163,-0.03264198,0.001285635,885.3915,19.30904,100.446,-0.1385907,0.03339897,0.002644556,23.98973,22.03032,0.8822661,25.50605,19.09289,0
"2013-01-22 23:30:00",28530,-0.3266419,1.240173,403.6913,422.9255,-18.6447,-5.115048,-0.7594272,0.002678429,0.1417471,0.0007869384,857.8055,19.45923,100.4237,-0.1301084,0.03737158,0.0095905,24.18981,22.15443,0.8842283,25.3997,19.08984,0
"2013-01-23 00:00:00",28531,-0.8650647,0.8946373,388.8623,414.4508,-24.37571,-5.075725,0.08019631,0.1423393,0.04035766,0.001471182,854.6989,19.40285,100.3945,-0.001901917,0.01055253,0.01080676,23.63257,21.83485,0.8882893,25.40613,19.0875,0
"2013-01-23 00:30:00",28532,-0.0907616,0.8193544,408.454,419.7535,-11.66782,-5.529233,0.3522975,0.1145169,-0.0299769,0.001979849,912.4644,19.27565,100.3672,-0.2730728,-0.02628606,0.0102065,23.36992,21.55387,0.8987306,25.24433,19.08517,0
"2013-01-23 01:00:00",28533,-0.06187223,1.199469,415.2774,424.2127,-9.42671,-5.893628,0.1559234,0.1086215,0.02896743,0.001929482,935.9692,19.46414,100.35,-0.06264575,0.04133675,0.01188329,23.66985,21.71724,0.9045959,25.05214,19.08212,0
"2013-01-23 01:30:00",28534,-0.5670881,1.184675,402.0777,420.1685,-18.74247,-5.767226,1.033489,0.8415752,-0.03902082,0.003135639,943.6652,19.44785,100.3024,-0.07664558,0.1207131,0.02480178,23.61197,21.71819,0.9058548,25.02177,19.08042,0
"2013-01-23 02:00:00",28535,-0.7938767,1.056384,388.6689,412.6301,-27.85707,-5.705904,0.2612081,0.2075274,-0.05061254,0.001957332,936.6967,19.32868,100.2873,-0.09299951,-0.2132263,0.0107726,23.28977,21.49284,0.9088736,25.01294,19.0785,0
"2013-01-23 02:30:00",28536,-0.7872915,0.8375639,392.6278,412.4334,-27.04135,-6.166186,0.8367071,0.5045502,-0.1721518,0.002388699,978.9211,18.93744,100.2652,-0.06286469,0.0896823,0.01939065,22.79334,21.09459,0.9145295,24.90755,19.07714,0
"2013-01-23 03:00:00",28537,-0.8307526,0.8603249,394.3897,411.7242,-28.48632,-6.783333,-2.322304,-5.339131,-0.1599157,0.009636921,1004.673,18.57507,100.2503,-0.3647052,-0.1660631,0.003043375,22.42609,20.7055,0.9188058,24.7622,19.07424,0
"2013-01-23 03:30:00",28538,-0.5880367,0.9738419,399.9494,411.9043,-23.93455,-7.32875,0.6556795,1.205886,0.04745761,0.002418868,1019.726,18.33231,100.2485,-0.3010603,-0.009579402,0.006823972,22.2185,20.494,0.9228606,24.60278,19.07202,0
"2013-01-23 04:00:00",28539,-0.5241268,1.020045,399.0943,410.9153,-24.4656,-7.74945,-1.395974,-0.4648201,0.1581123,0.001735641,1017.208,18.28767,100.2514,-0.02761004,0.08161265,0.0080375,22.10679,20.33298,0.9253297,24.4738,19.06964,0
"2013-01-23 04:30:00",28540,-0.9131292,1.189298,394.7197,408.2382,-32.04642,-8.045487,-0.5835002,1.006528,-0.387099,0.003935473,1007.609,17.59092,100.2668,-0.1030486,-0.1201093,0.01253608,21.78486,20.06141,0.9268828,24.37911,19.06686,0
"2013-01-23 05:00:00",28541,-0.7670768,1.041651,396.726,407.2048,-27.58802,-8.485654,0.01879538,3.818684,0.1756996,0.000851286,751.4384,13.71605,100.2816,-0.4388427,-0.1674669,-0.004272209,21.33968,19.66861,0.9287361,24.25006,19.06411,0
"2013-01-23 05:30:00",28542,5.093914,1.879282,401.639,409.2961,-17.26689,-8.997638,-0.1147718,-35.40982,-1.27154,0.001511638,1062.556,17.26447,100.2949,-0.3728264,-0.04812074,-0.006902375,21.30396,19.55128,0.9311333,24.06771,19.06162,0
"2013-01-23 06:00:00",28543,41.69789,8.554465,402.814,413.6181,1.46159,-9.139416,0.1683046,-9.692498,-0.3378541,0.002283271,1083.889,18.07048,100.3321,-0.0691146,-0.07793722,0.006431792,21.69083,19.81168,0.9323618,23.91802,19.05917,0
"2013-01-23 06:30:00",28544,51.99613,9.195424,409.2276,420.3205,8.853621,-8.713748,1.750672,3.154705,-0.1628767,0.002816936,948.8915,18.91548,100.3648,-0.1172581,-0.0408797,0.002692653,22.72005,20.74444,0.9324344,23.81381,19.0571,0
"2013-01-23 07:00:00",28545,106.0674,17.94185,420.3948,428.4946,54.47232,-7.75824,0.3299707,1.597708,0.2238706,0.001381085,840.5865,19.52018,100.4112,0.0899478,0.1367049,0.01096049,23.72415,21.52195,0.9310009,23.81593,19.05642,0
"2013-01-23 07:30:00",28546,206.5937,36.52134,419.6595,441.0073,108.1568,-6.37034,0.2812378,16.1979,0.9018565,0.01073255,768.5844,19.96424,100.4362,-0.1430345,0.1852757,0.003738236,25.09434,22.56963,0.9237341,23.85572,19.05672,0
"2013-01-23 08:00:00",28547,408.336,74.69849,403.208,476.1723,240.4885,-4.440255,18.75558,39.20128,0.0295263,0.01032154,710.9916,19.79622,100.4443,-0.4007621,-0.213614,0.05186874,26.85303,24.65479,0.8392645,23.75139,19.05906,0
"2013-01-23 08:30:00",28548,377.5643,59.92158,415.0224,490.7798,209.3288,-1.959687,98.05882,94.25629,0.3514501,0.02906994,674.7185,19.03683,100.4479,0.01192611,0.1682728,0.02225393,27.94676,26.29883,0.7130977,23.99335,19.06222,0
"2013-01-23 09:00:00",28549,203.4064,31.11627,429.9976,474.5348,82.30385,0.6359872,111.2198,40.71373,-0.2301538,0.01742533,668.7754,18.91297,100.4538,0.9161664,0.7536878,0.03736096,28.24945,26.37028,0.6898838,24.80528,19.06848,0
"2013-01-23 09:30:00",28550,496.1884,82.3232,425.8456,501.0307,296.2605,2.26104,63.33649,41.78189,-0.08497702,0.0604196,667.2818,18.7989,100.462,0.6995118,0.6927099,0.04625519,28.73354,27.11489,0.6574073,24.90372,19.07432,0
"2013-01-23 10:00:00",28551,636.4003,104.0417,418.8936,521.8599,378.6912,3.943397,147.159,58.84979,-0.3601106,0.04151635,667.2081,18.38562,100.455,0.6533454,1.181885,0.04209868,29.20919,27.73338,0.6146624,25.07459,19.07944,0
"2013-01-23 10:30:00",28552,610.5428,97.17451,424.0425,529.324,356.989,6.819973,183.8782,45.75514,-0.3274916,0.02792217,669.3265,18.13286,100.4397,0.5865421,1.030484,0.04451867,29.82424,28.39547,0.5808078,25.4853,19.0866,0
